// $Id: class_equip.txt,v 1.4 2003/09/12 22:51:17 MivaBe Exp $

//nameid,name,job1,job2... ,job20
//now all combinations should be possible
//lines with less then id , name, and 1 jobclass value get droped ;)
//0 - Novice 1 - Swordsman 2 - Mage 3 - Archer 4 - Acolyte 5 - Merchant 
//6 - Thief 7 - Knight 8 - Priest 9 - Wizard 10 - Blacksmith 11 - Hunter 12 - Assassin 99 - All
// 111 - Nothing (to set 0 value it can't be ,, it must be 111)


1101,Sword		,0,1,5,6,111,111,111,111,111,111,111,111,
1102,Sword_		,0,1,5,6,111,111,111,111,111,111,111,111,
1103,Sword__		,0,1,5,6,111,111,111,111,111,111,111,111,
1104,Falchion		,0,1,5,6,111,111,111,111,111,111,111,111,
1105,Falchion_		,0,1,5,6,111,111,111,111,111,111,111,111,
1106,Falchion__		,0,1,5,6,111,111,111,111,111,111,111,111,
1107,Blade		,0,1,5,6,111,111,111,111,111,111,111,111,
1108,Blade_		,0,1,5,6,111,111,111,111,111,111,111,111,
1109,Blade__		,0,1,5,6,111,111,111,111,111,111,111,111,
1110,Lapier		,0,1,5,6,111,111,111,111,111,111,111,111,
1111,Lapier_		,0,1,5,6,111,111,111,111,111,111,111,111,
1112,Lapier__		,0,1,5,6,111,111,111,111,111,111,111,111,
1113,Scimiter		,0,1,5,6,111,111,111,111,111,111,111,111,
1114,Scimiter_		,0,1,5,6,111,111,111,111,111,111,111,111,
1115,Scimiter__		,0,1,5,6,111,111,111,111,111,111,111,111,
1116,Katana		,0,1,5,6,111,111,111,111,111,111,111,111,
1117,Katana_		,0,1,5,6,111,111,111,111,111,111,111,111,
1118,Katana__		,0,1,5,6,111,111,111,111,111,111,111,111,
1119,Tsurugi		,0,1,5,6,111,111,111,111,111,111,111,111,
1120,Tsurugi_		,0,1,5,6,111,111,111,111,111,111,111,111,
1121,Tsurugi__		,0,1,5,6,111,111,111,111,111,111,111,111,
1122,Ring_pommel_Saber	,0,1,5,6,111,111,111,111,111,111,111,111,
1123,Haedonggum		,0,1,5,6,111,111,111,111,111,111,111,111,
1124,Orcish_sword	,0,1,5,6,111,111,111,111,111,111,111,111,
1125,Ring_pommel_Saber_	,0,1,5,6,111,111,111,111,111,111,111,111,
1126,Saber		,0,1,5,6,111,111,111,111,111,111,111,111,
1127,Saber_		,0,1,5,6,111,111,111,111,111,111,111,111,
1128,Hae_Dong_Gum_	,0,1,5,6,111,111,111,111,111,111,111,111,
1129,Flamberge		,7,111,111,111,111,111,111,111,111,111,111,111,
1130,Nagan		,0,1,5,6,111,111,111,111,111,111,111,111,
1131,Ice_Falchon	,0,1,5,6,111,111,111,111,111,111,111,111,
1132,Edge		,0,1,5,6,111,111,111,111,111,111,111,111,
1133,Fire_brand		,0,1,5,6,111,111,111,111,111,111,111,111,
1134,Scissores_Sword	,0,1,5,6,111,111,111,111,111,111,111,111,
1135,Cutlas		,0,1,5,6,111,111,111,111,111,111,111,111,
1136,Solar_Sword	,0,1,5,6,111,111,111,111,111,111,111,111,
1137,Excalibur		,0,1,5,6,111,111,111,111,111,111,111,111,
1138,Mysteltainn	,0,1,5,6,111,111,111,111,111,111,111,111,
1139,Tale_Fing		,0,1,5,6,111,111,111,111,111,111,111,111,
1140,Byeorrun_Gum	,0,1,5,6,111,111,111,111,111,111,111,111,
1141,Immaterial_Sword	,0,1,5,6,111,111,111,111,111,111,111,111,
1151,Slayer		,1,7,111,111,111,111,111,111,111,111,111,
1152,Slayer_		,1,7,111,111,111,111,111,111,111,111,111,
1153,Slayer__		,1,7,111,111,111,111,111,111,111,111,111,
1154,Bastard_Sword	,1,7,111,111,111,111,111,111,111,111,111,
1155,Bastard_Sword_	,1,7,111,111,111,111,111,111,111,111,111,
1156,Bastard_Sword__	,1,7,111,111,111,111,111,111,111,111,111,
1157,Two_hand_Sword	,1,7,111,111,111,111,111,111,111,111,111,
1158,Two_hand_Sword_	,1,7,111,111,111,111,111,111,111,111,111,
1159,Two_hand_Sword__	,1,7,111,111,111,111,111,111,111,111,111,
1160,Broad_Sword	,1,7,111,111,111,111,111,111,111,111,111,
1161,Balmung		,99,111,111,111,111,111,111,111,111,111,
1162,Broad_Sword_	,1,7,111,111,111,111,111,111,111,111,111,
1163,Claymore		,7,13,111,111,111,111,111,111,111,111,111,
1164,Muramasa		,1,7,111,111,111,111,111,111,111,111,111,
1165,Masamune		,1,7,111,111,111,111,111,111,111,111,111,
1166,Dragon_Slayer	,1,7,111,111,111,111,111,111,111,111,111,
1167,Schweizersabel	,1,7,111,111,111,111,111,111,111,111,111,
1168,Zweihander		,1,7,111,111,111,111,111,111,111,111,111,
1169,Executioner	,1,7,111,111,111,111,111,111,111,111,111,
1170,Katzbalger		,1,7,111,111,111,111,111,111,111,111,111,
1201,Knife		,0,1,2,3,5,6,111,111,111,111,111,111,111,
1202,Knife_		,0,1,2,3,5,6,111,111,111,111,111,111,111,
1203,Knife__		,0,1,2,3,5,6,111,111,111,111,111,111,111,
1204,Cutter		,0,1,2,3,5,6,111,111,111,111,111,111,111,
1205,Cutter_		,0,1,2,3,5,6,111,111,111,111,111,111,111,
1206,Cutter__		,0,1,2,3,5,6,111,111,111,111,111,111,111,
1207,Main_gauche	,0,1,2,3,5,6,111,111,111,111,111,111,111,
1208,Main_gauche_	,0,1,2,3,5,6,111,111,111,111,111,111,111,
1209,Main_gauche__	,0,1,2,3,5,6,111,111,111,111,111,111,111,
1210,Dirk		,0,1,2,3,5,6,111,111,111,111,111,111,111,
1211,Dirk_		,0,1,2,3,5,6,111,111,111,111,111,111,111,
1212,Dirk__		,0,1,2,3,5,6,111,111,111,111,111,111,111,
1213,Dagger		,0,1,2,3,5,6,111,111,111,111,111,111,111,
1214,Dagger_		,0,1,2,3,5,6,111,111,111,111,111,111,111,
1215,Dagger__		,0,1,2,3,5,6,111,111,111,111,111,111,111,
1216,Stiletto		,0,1,2,3,5,6,111,111,111,111,111,111,111,
1217,Stiletto_		,0,1,2,3,5,6,111,111,111,111,111,111,111,
1218,Stiletto__		,0,1,2,3,5,6,111,111,111,111,111,111,111,
1219,Gladius		,0,1,2,3,5,6,111,111,111,111,111,111,111,
1220,Gladius_		,0,1,2,3,5,6,111,111,111,111,111,111,111,
1221,Gladius__		,0,1,2,3,5,6,111,111,111,111,111,111,111,
1222,Damascus		,0,1,2,3,5,6,111,111,111,111,111,111,111,
1223,Forturn_Sword	,0,1,2,3,5,6,111,111,111,111,111,111,111,
1224,Sword_Breaker	,0,1,2,3,5,6,111,111,111,111,111,111,111,
1225,Mail_Breaker	,0,1,2,3,5,6,111,111,111,111,111,111,111,
1226,Damascus_		,0,1,2,3,5,6,111,111,111,111,111,111,111,
1227,Weeder_Knife	,0,1,2,3,5,6,111,111,111,111,111,111,111,
1228,Combat_Knife	,0,1,2,3,5,6,111,111,111,111,111,111,111,
1229,Mama's_Knife	,0,1,2,3,5,6,111,111,111,111,111,111,111,
1230,House_Auger	,0,1,2,3,5,6,111,111,111,111,111,111,111,
1231,Bazerald		,0,1,2,3,5,6,111,111,111,111,111,111,111,
1232,Assasin_Dagger	,0,1,2,3,5,6,111,111,111,111,111,111,111,
1233,Exercise		,0,1,2,3,5,6,111,111,111,111,111,111,111,
1234,Moonlight_Sword	,4,8,111,111,111,111,111,111,111,111,111,
1235,Azoth		,0,1,2,3,5,6,111,111,111,111,111,111,111,
1236,Sucsamad		,0,1,2,3,5,6,111,111,111,111,111,111,111,
1237,Grimtooth		,0,1,2,3,5,6,111,111,111,111,111,111,111,
1250,Jur		,12,111,111,111,111,111,111,111,111,111,
1251,Jur_		,12,111,111,111,111,111,111,111,111,111,
1252,Katar		,12,111,111,111,111,111,111,111,111,111,
1253,Katar_		,12,111,111,111,111,111,111,111,111,111,
1254,Jamadhar		,12,111,111,111,111,111,111,111,111,111,
1255,Jamadhar_		,12,111,111,111,111,111,111,111,111,111,
1256,-			,12,111,111,111,111,111,111,111,111,111,
1257,-			,12,111,111,111,111,111,111,111,111,111,
1258,-			,12,111,111,111,111,111,111,111,111,111,
1259,-			,12,111,111,111,111,111,111,111,111,111,
1260,-			,12,111,111,111,111,111,111,111,111,111,
1261,-			,12,111,111,111,111,111,111,111,111,111,
1301,Axe		,0,1,5,10,111,111,111,111,111,111,111,111,
1302,Axe_		,0,1,5,10,111,111,111,111,111,111,111,111,
1303,Axe__		,0,1,5,10,111,111,111,111,111,111,111,111,
1304,Orcish_Axe		,1,5,10,111,111,111,111,111,111,111,111,
1305,Cleaver		,1,5,10,111,111,111,111,111,111,111,111,
1351,Battle_Axe		,1,5,10,111,111,111,111,111,111,111,111,
1352,Battle_Axe_	,1,5,10,111,111,111,111,111,111,111,111,
1353,Battle_Axe__	,1,5,10,111,111,111,111,111,111,111,111,
1354,Hammer		,1,5,10,111,111,111,111,111,111,111,111,
1355,Hammer_		,1,5,10,111,111,111,111,111,111,111,111,
1356,Hammer__		,1,5,10,111,111,111,111,111,111,111,111,
1357,Buster		,1,5,10,111,111,111,111,111,111,111,111,
1358,Buster_		,1,5,10,111,111,111,111,111,111,111,111,
1359,Buster__		,1,5,10,111,111,111,111,111,111,111,111,
1360,Two_handed_Axe	,1,5,10,111,111,111,111,111,111,111,111,
1361,Two_handed_Axe_	,1,5,10,111,111,111,111,111,111,111,111,
1362,Two_handed_Axe__	,1,5,10,111,111,111,111,111,111,111,111,
1363,Brood_Axe		,1,5,10,111,111,111,111,111,111,111,111,
1364,Great_Axe		,1,5,10,111,111,111,111,111,111,111,111,
1365,Sabbath		,1,5,10,111,111,111,111,111,111,111,111,
1366,Right_Epsilon	,1,5,10,111,111,111,111,111,111,111,111,
1367,Slaughter		,1,5,10,111,111,111,111,111,111,111,111,
1368,Tomahawk		,1,5,10,111,111,111,111,111,111,111,111,
1369,Guillotine		,1,5,10,111,111,111,111,111,111,111,111,
1401,Javelin		,1,7,111,111,111,111,111,111,111,111,111,
1402,Javelin_		,1,7,111,111,111,111,111,111,111,111,111,
1403,Javelin__		,1,7,111,111,111,111,111,111,111,111,111,
1404,Spear		,1,7,111,111,111,111,111,111,111,111,111,
1405,Spear_		,1,7,111,111,111,111,111,111,111,111,111,
1406,Spear__		,1,7,111,111,111,111,111,111,111,111,111,
1407,Pike		,1,7,111,111,111,111,111,111,111,111,111,
1408,Pike_		,1,7,111,111,111,111,111,111,111,111,111,
1409,Pike__		,1,7,111,111,111,111,111,111,111,111,111,
1410,Lance		,1,7,111,111,111,111,111,111,111,111,111,
1411,Lance_		,1,7,111,111,111,111,111,111,111,111,111,
1412,Lance__		,1,7,111,111,111,111,111,111,111,111,111,
1413,Gungnir		,1,7,111,111,111,111,111,111,111,111,111,
1414,Gelerdria		,1,7,111,111,111,111,111,111,111,111,111,
1415,Skewer		,1,7,111,111,111,111,111,111,111,111,111,
1416,Tjungkuletti	,1,7,111,111,111,111,111,111,111,111,111,
1451,Guisarme		,1,7,111,111,111,111,111,111,111,111,111,
1452,Guisarme_		,1,7,111,111,111,111,111,111,111,111,111,
1453,Guisarme__		,1,7,111,111,111,111,111,111,111,111,111,
1454,Glaive		,1,7,111,111,111,111,111,111,111,111,111,
1455,Glaive_		,1,7,111,111,111,111,111,111,111,111,111,
1456,Glaive__		,1,7,111,111,111,111,111,111,111,111,111,
1457,Partizan		,1,7,111,111,111,111,111,111,111,111,111,
1458,Partizan_		,1,7,111,111,111,111,111,111,111,111,111,
1459,Partizan__		,1,7,111,111,111,111,111,111,111,111,111,
1460,Trident		,1,7,111,111,111,111,111,111,111,111,111,
1461,Trident_		,1,7,111,111,111,111,111,111,111,111,111,
1462,Trident__		,1,7,111,111,111,111,111,111,111,111,111,
1463,Halberd		,1,7,111,111,111,111,111,111,111,111,111,
1464,Halberd_		,1,7,111,111,111,111,111,111,111,111,111,
1465,Halberd__		,1,7,111,111,111,111,111,111,111,111,111,
1466,Crescent_Scythe	,1,7,111,111,111,111,111,111,111,111,111,
1467,Bill_Guisarme	,1,7,111,111,111,111,111,111,111,111,111,
1468,Zephyrus		,1,7,111,111,111,111,111,111,111,111,111,
1469,Longinus's_Spear	,1,7,111,111,111,111,111,111,111,111,111,
1470,Brionac		,1,7,111,111,111,111,111,111,111,111,111,
1471,Hell_fire		,1,7,111,111,111,111,111,111,111,111,111,
1501,Club		,0,1,4,5,111,111,111,111,111,111,111,111,
1502,Club_		,0,1,4,5,111,111,111,111,111,111,111,111,
1503,Club__		,0,1,4,5,111,111,111,111,111,111,111,111,
1504,Mace		,0,1,4,5,111,111,111,111,111,111,111,111,
1505,Mace_		,0,1,4,5,111,111,111,111,111,111,111,111,
1506,Mace__		,0,1,4,5,111,111,111,111,111,111,111,111,
1507,Smasher		,0,1,4,5,111,111,111,111,111,111,111,111,
1508,Smasher_		,0,1,4,5,111,111,111,111,111,111,111,111,
1509,Smasher__		,0,1,4,5,111,111,111,111,111,111,111,111,
1510,Flail		,0,1,4,5,111,111,111,111,111,111,111,111,
1511,Flail_		,0,1,4,5,111,111,111,111,111,111,111,111,
1512,Flail__		,0,1,4,5,111,111,111,111,111,111,111,111,
1513,Morning_Star	,0,1,4,5,111,111,111,111,111,111,111,111,
1514,Morning_Star_	,0,1,4,5,111,111,111,111,111,111,111,111,
1515,Morning_Star__	,0,1,4,5,111,111,111,111,111,111,111,111,
1516,Sword_Mace		,0,1,4,5,111,111,111,111,111,111,111,111,
1517,Sword_Mace_	,0,1,4,5,111,111,111,111,111,111,111,111,
1518,Sword_Mace__	,0,1,4,5,111,111,111,111,111,111,111,111,
1519,Chain		,0,1,4,5,111,111,111,111,111,111,111,111,
1520,Chain_		,0,1,4,5,111,111,111,111,111,111,111,111,
1521,Chain__		,0,1,4,5,111,111,111,111,111,111,111,111,
1522,Stunner		,0,1,4,5,111,111,111,111,111,111,111,111,
1523,Spike		,0,1,4,5,111,111,111,111,111,111,111,111,
1524,Golden_Mace	,0,1,4,5,111,111,111,111,111,111,111,111,
1525,Long_Mace		,0,1,4,5,111,111,111,111,111,111,111,111,
1526,Slash		,0,1,4,5,111,111,111,111,111,111,111,111,
1527,Quadrille		,0,1,4,5,111,111,111,111,111,111,111,111,
1528,Grand_Cross	,0,1,4,5,111,111,111,111,111,111,111,111,
1550,Book		,8,111,111,111,111,111,111,111,111,111,
1551,Bible		,8,111,111,111,111,111,111,111,111,111,
1552,Tablet		,8,111,111,111,111,111,111,111,111,111,
1553,Nami		,8,111,111,111,111,111,111,111,111,111,
1554,Daiti		,8,111,111,111,111,111,111,111,111,111,
1555,Taiyou		,8,111,111,111,111,111,111,111,111,111,
1556,Kaze		,8,111,111,111,111,111,111,111,111,111,
1557,Mokushiroku	,8,111,111,111,111,111,111,111,111,111,
1558,Nikki		,8,111,111,111,111,111,111,111,111,111,
1601,Rod		,0,2,4,8,9,111,111,111,111,111,111,111,
1602,Rod_		,0,2,4,8,9,111,111,111,111,111,111,111,
1603,Rod__		,0,2,4,8,9,111,111,111,111,111,111,111,
1604,Wand		,0,2,4,8,9,111,111,111,111,111,111,111,
1605,Wand_		,0,2,4,8,9,111,111,111,111,111,111,111,
1606,Wand__		,0,2,4,8,9,111,111,111,111,111,111,111,
1607,Staff		,0,2,4,8,9,111,111,111,111,111,111,111,
1608,Staff_		,0,2,4,8,9,111,111,111,111,111,111,111,
1609,Staff__		,0,2,4,8,9,111,111,111,111,111,111,111,
1610,Arc_Wand		,0,2,4,8,9,111,111,111,111,111,111,111,
1611,Arc_Wand_		,0,2,4,8,9,111,111,111,111,111,111,111,
1612,Arc_Wand__		,0,2,4,8,9,111,111,111,111,111,111,111,
1613,Mighty_Staff	,0,2,4,8,9,111,111,111,111,111,111,111,
1614,Blessed_Wand	,0,2,4,8,9,111,111,111,111,111,111,111,
1615,Bone_Wand		,0,2,4,8,9,111,111,111,111,111,111,111,
1701,Bow		,3,6,11,111,111,111,111,111,111,111,111,
1702,Bow_		,3,6,11,111,111,111,111,111,111,111,111,
1703,Bow__		,3,6,11,111,111,111,111,111,111,111,111,
1704,Composite_Bow	,3,6,11,111,111,111,111,111,111,111,111,
1705,Composite_Bow_	,3,6,11,111,111,111,111,111,111,111,111,
1706,Composite_Bow__	,3,6,11,111,111,111,111,111,111,111,111,
1707,Great_Bow		,3,6,11,111,111,111,111,111,111,111,111,
1708,Great_Bow_		,3,6,11,111,111,111,111,111,111,111,111,
1709,Great_Bow__	,3,6,11,111,111,111,111,111,111,111,111,
1710,CrossBow		,3,6,11,111,111,111,111,111,111,111,111,
1711,CrossBow_		,3,6,11,111,111,111,111,111,111,111,111,
1712,CrossBow__		,3,6,11,111,111,111,111,111,111,111,111,
1713,Arbalest		,3,6,11,111,111,111,111,111,111,111,111,
1714,Kakkung		,3,6,11,111,111,111,111,111,111,111,111,
1715,Arbalest_		,3,6,11,111,111,111,111,111,111,111,111,
1716,Kakkung_		,3,6,11,111,111,111,111,111,111,111,111,
1718,Hunter_Bow		,11,111,111,111,111,111,111,111,111,111,
1719,Bow_of_Roguemaster	,6,12,12,111,111,111,111,111,111,111,111,
1720,Bow_of_Rudra	,3,6,11,111,111,111,111,111,111,111,111,
2101,Guard		,99,111,111,111,111,111,111,111,111,111,
2102,Guard_		,99,111,111,111,111,111,111,111,111,111,
2103,Buckler		,1,3,4,5,6,7,8,10,11,12,111,111,111,111,111,
2104,Buckler_		,1,3,4,5,6,7,8,10,11,12,111,111,111,111,111,
2105,Shield		,1,7,111,111,111,111,111,111,111,111,111,
2106,Shield_		,1,7,111,111,111,111,111,111,111,111,111,
2107,Mirror_Shield	,1,7,111,111,111,111,111,111,111,111,111,
2108,Mirror_Shield_	,1,7,111,111,111,111,111,111,111,111,111,
2201,Sunglasses		,99,111,111,111,111,111,111,111,111,111,
2202,Sunglasses_	,99,111,111,111,111,111,111,111,111,111,
2203,Glasses		,99,111,111,111,111,111,111,111,111,111,
2204,Glasses_		,99,111,111,111,111,111,111,111,111,111,
2205,Diver's_Goggles	,99,111,111,111,111,111,111,111,111,111,
2206,Wedding_Veil	,99,111,111,111,111,111,111,111,111,111,
2207,Fancy_Flower	,99,111,111,111,111,111,111,111,111,111,
2208,Ribbon		,99,111,111,111,111,111,111,111,111,111,
2209,Ribbon_		,99,111,111,111,111,111,111,111,111,111,
2210,Hair_Band		,99,111,111,111,111,111,111,111,111,111,
2211,Bandana		,99,111,111,111,111,111,111,111,111,111,
2212,Eye_Bandage	,99,111,111,111,111,111,111,111,111,111,
2213,Cat_Hairband	,99,111,111,111,111,111,111,111,111,111,
2214,Bunny_Band		,99,111,111,111,111,111,111,111,111,111,
2216,Biretta		,4,8,111,111,111,111,111,111,111,111,111,
2217,Biretta_		,4,8,111,111,111,111,111,111,111,111,111,
2218,Flu_Mask		,99,111,111,111,111,111,111,111,111,111,
2219,Flu_Mask_		,99,111,111,111,111,111,111,111,111,111,
2220,Hat		,99,111,111,111,111,111,111,111,111,111,
2221,Hat_		,99,111,111,111,111,111,111,111,111,111,
2222,Turban		,99,111,111,111,111,111,111,111,111,111,
2223,Turban_		,99,111,111,111,111,111,111,111,111,111,
2224,Goggle		,1,5,6,7,10,12,111,111,111,111,111,111,111,
2225,Goggle_		,1,5,6,7,10,12,111,111,111,111,111,111,111,
2226,Cap		,1,7,10,111,111,111,111,111,111,111,111,
2227,Cap_		,5,7,10,111,111,111,111,111,111,111,111,
2228,Helm		,1,7,111,111,111,111,111,111,111,111,111,
2229,Helm_		,1,7,111,111,111,111,111,111,111,111,111,
2230,Gemmed_Sallet	,1,5,6,7,10,12,111,111,111,111,111,111,111,
2231,Gemmed_Sallet_	,1,5,6,7,10,12,111,111,111,111,111,111,111,
2232,Circlet		,2,4,8,9,111,111,111,111,111,111,111,111,
2233,Circlet_		,2,4,8,9,111,111,111,111,111,111,111,111,
2234,Tiara		,99,111,111,111,111,111,111,111,111,111,
2235,Crown		,99,111,111,111,111,111,111,111,111,111,
2236,Santa's_Hat	,99,111,111,111,111,111,111,111,111,111,
2237,Weird_Goatee	,99,111,111,111,111,111,111,111,111,111,
2238,Weird_Moustache	,99,111,111,111,111,111,111,111,111,111,
2239,One_Eyed_Glass	,99,111,111,111,111,111,111,111,111,111,
2240,Beard		,99,111,111,111,111,111,111,111,111,111,
2241,Granpa_Beard	,99,111,111,111,111,111,111,111,111,111,
2243,Spinning_Eyes	,99,111,111,111,111,111,111,111,111,111,
2244,Big_Sis'_Ribbon	,99,111,111,111,111,111,111,111,111,111,
2245,Sweet_Gents	,99,111,111,111,111,111,111,111,111,111,
2246,Golden_Gear	,99,111,111,111,111,111,111,111,111,111,
2247,Oldman's_Romance	,99,111,111,111,111,111,111,111,111,111,
2248,Western_Grace	,99,111,111,111,111,111,111,111,111,111,
2249,Coronet		,99,111,111,111,111,111,111,111,111,111,
2250,Fillet		,99,111,111,111,111,111,111,111,111,111,
2251,Holy_Bonnet	,4,8,111,111,111,111,111,111,111,111,111,
2252,Star_Sparkling	,99,111,111,111,111,111,111,111,111,111,
2253,Sunflower		,99,111,111,111,111,111,111,111,111,111,
2254,Angelic_Chain	,99,111,111,111,111,111,111,111,111,111,
2255,Satanic_Chain	,99,111,111,111,111,111,111,111,111,111,
2256,Magestic_Goat	,1,5,7,10,111,111,111,111,111,111,111,111,
2257,Snowy_Horn		,99,111,111,111,111,111,111,111,111,111,
2258,Sharp_Gear		,99,111,111,111,111,111,111,111,111,111,
2259,Mini_Propeller	,99,111,111,111,111,111,111,111,111,111,
2260,Mini_Glasses	,99,111,111,111,111,111,111,111,111,111,
2261,Prontera_Army_Cap	,1,3,5,6,7,10,11,12,111,111,111,111,111,111,
2262,Pierrot_Nose	,99,111,111,111,111,111,111,111,111,111,
2263,Gangster_Patch	,99,111,111,111,111,111,111,111,111,111,
2264,Munak_Turban	,99,111,111,111,111,111,111,111,111,111,
2265,Ganster_Mask	,99,111,111,111,111,111,111,111,111,111,
2266,Iron_Cane		,1,7,111,111,111,111,111,111,111,111,111,
2267,Cigar		,99,111,111,111,111,111,111,111,111,111,
2268,Smoking_Pipe	,99,111,111,111,111,111,111,111,111,111,
2269,Centimental_Flower	,99,111,111,111,111,111,111,111,111,111,
2270,Centimental_Leaf	,99,111,111,111,111,111,111,111,111,111,
2271,Jack_a_Dandy	,99,111,111,111,111,111,111,111,111,111,
2272,Stop_Post		,99,111,111,111,111,111,111,111,111,111,
2273,Doctor_Cap		,99,111,111,111,111,111,111,111,111,111,
2274,Ghost_Bandana	,99,111,111,111,111,111,111,111,111,111,
2275,Red_Bandana	,99,111,111,111,111,111,111,111,111,111,
2276,Eagle_Eyes		,99,111,111,111,111,111,111,111,111,111,
2277,Nurse_Cap		,4,8,111,111,111,111,111,111,111,111,111,
2278,Mr_Smile		,99,111,111,111,111,111,111,111,111,111,
2279,Bomb_Wick		,99,111,111,111,111,111,111,111,111,111,
2280,Sahkkat		,99,111,111,111,111,111,111,111,111,111,
2281,Phantom_of_Opera	,99,111,111,111,111,111,111,111,111,111,
2282,Spirit_Chain	,99,111,111,111,111,111,111,111,111,111,
2283,Ear_Mufs		,99,111,111,111,111,111,111,111,111,111,
2284,Antler		,99,111,111,111,111,111,111,111,111,111,
2285,Apple_Of_Archer	,99,111,111,111,111,111,111,111,111,111,
2286,Elven_Ears		,99,111,111,111,111,111,111,111,111,111,
2287,Pirate_Bandana	,99,111,111,111,111,111,111,111,111,111,
2288,Mr_Scream		,99,111,111,111,111,111,111,111,111,111,
2289,Poo_Poo_Hat	,99,111,111,111,111,111,111,111,111,111,
2290,Funeral_Costume	,99,111,111,111,111,111,111,111,111,111,
2291,Masquerade		,99,111,111,111,111,111,111,111,111,111,
2292,Welding_Mask	,5,10,111,111,111,111,111,111,111,111,111,
2295,Blinker		,99,111,111,111,111,111,111,111,111,111,
2296,Binoculars		,3,11,111,111,111,111,111,111,111,111,111,
2297,Goblini_Mask	,99,111,111,111,111,111,111,111,111,111,
2298,Green_Feeler	,99,111,111,111,111,111,111,111,111,111,
2299,Viking_Helm	,1,5,6,7,10,12,111,111,111,111,111,111,111,
2301,Cotton_Shirt	,99,111,111,111,111,111,111,111,111,111,
2302,Cotton_Shirt_	,99,111,111,111,111,111,111,111,111,111,
2303,Leather_Jacket	,99,111,111,111,111,111,111,111,111,111,
2304,Leather_Jacket_	,99,111,111,111,111,111,111,111,111,111,
2305,Adventure_Suit	,99,111,111,111,111,111,111,111,111,111,
2306,Adventurere's_Suit_	,99,111,111,111,111,111,111,111,111,111,
2307,Mantle		,1,3,5,6,7,10,11,12,111,111,111,111,111,111,
2308,Mantle_		,1,3,5,6,7,10,11,12,111,111,111,111,111,111,
2309,Coat		,1,3,6,5,7,10,11,12,111,111,111,111,111,111,
2310,Coat_		,1,3,6,5,7,10,11,12,111,111,111,111,111,111,
2311,Mink_Coat		,99,111,111,111,111,111,111,111,111,111,
2312,Padded_Armor	,1,5,6,7,10,12,111,111,111,111,111,111,111,
2313,Padded_Armor_	,1,5,6,7,10,12,111,111,111,111,111,111,111,
2314,Chain_Mail		,1,5,6,7,10,12,111,111,111,111,111,111,111,
2315,Chain_Mail_	,1,5,6,7,10,12,111,111,111,111,111,111,111,
2316,Plate_Armor	,1,7,111,111,111,111,111,111,111,111,111,
2317,Plate_Armor_	,1,7,111,111,111,111,111,111,111,111,111,
2318,Clothes_of_the_Lord	,5,10,111,111,111,111,111,111,111,111,111,
2319,Glittering_Clothes	,5,10,111,111,111,111,111,111,111,111,111,
2320,Formal_Suit	,99,111,111,111,111,111,111,111,111,111,
2321,Silk_Robe		,99,111,111,111,111,111,111,111,111,111,
2322,Silk_Robe_		,99,111,111,111,111,111,111,111,111,111,
2323,Scapulare		,4,8,111,111,111,111,111,111,111,111,111,
2324,Scapulare_		,4,8,111,111,111,111,111,111,111,111,111,
2325,Saint_Robe		,1,4,5,7,8,10,111,111,111,111,111,111,111,
2326,Saint_Robe_	,1,4,5,7,8,10,111,111,111,111,111,111,111,
2327,Holy_Robe		,4,8,111,111,111,111,111,111,111,111,111,
2328,Wooden_Mail	,1,5,6,7,10,12,111,111,111,111,111,111,111,
2329,Wooden_Mail_	,1,5,6,7,10,12,111,111,111,111,111,111,111,
2330,Tights		,3,6,11,12,111,111,111,111,111,111,111,111,
2331,Tights_		,3,6,11,12,111,111,111,111,111,111,111,111,
2332,Silver_Robe	,2,9,111,111,111,111,111,111,111,111,111,
2333,Silver_Robe_	,2,9,111,111,111,111,111,111,111,111,111,
2334,Mage_Coat		,2,9,111,111,111,111,111,111,111,111,111,
2335,Thief_Clothes	,6,12,111,111,111,111,111,111,111,111,111,
2336,Thief_Clothes_	,6,12,111,111,111,111,111,111,111,111,111,
2337,Ninja_Suit		,6,12,111,111,111,111,111,111,111,111,111,
2338,Wedding_Dress	,99,111,111,111,111,111,111,111,111,111,
2401,Sandals		,99,111,111,111,111,111,111,111,111,111,
2402,Sandals_		,99,111,111,111,111,111,111,111,111,111,
2403,Shoes		,99,111,111,111,111,111,111,111,111,111,
2404,Shoes_		,99,111,111,111,111,111,111,111,111,111,
2405,Boots		,1,3,5,6,7,10,11,12,111,111,111,111,111,111,
2406,Boots_		,1,3,5,6,7,10,11,12,111,111,111,111,111,111,
2407,Chrystal_Pumps	,99,111,111,111,111,111,111,111,111,111,
2501,Hood		,99,111,111,111,111,111,111,111,111,111,
2502,Hood_		,99,111,111,111,111,111,111,111,111,111,
2503,Muffler		,99,111,111,111,111,111,111,111,111,111,
2504,Muffler_		,99,111,111,111,111,111,111,111,111,111,
2505,Manteau		,1,5,6,7,10,12,111,111,111,111,111,111,111,
2506,Manteau_		,1,5,6,7,10,12,111,111,111,111,111,111,111,
2507,Cape_Of_Ancient_Lord	,99,111,111,111,111,111,111,111,111,111,
2508,Ragamuffin_Cape	,99,111,111,111,111,111,111,111,111,111,
2601,Ring		,99,111,111,111,111,111,111,111,111,111,
2602,Earring		,99,111,111,111,111,111,111,111,111,111,
2603,Necklace		,99,111,111,111,111,111,111,111,111,111,
2604,Glove		,99,111,111,111,111,111,111,111,111,111,
2605,Brooch		,99,111,111,111,111,111,111,111,111,111,
2607,Clip		,99,111,111,111,111,111,111,111,111,111,
2608,Rosary		,99,111,111,111,111,111,111,111,111,111,
2609,Skul_Ring		,99,111,111,111,111,111,111,111,111,111,
2610,Gold_Ring		,99,111,111,111,111,111,111,111,111,111,
2611,Silver_Ring	,99,111,111,111,111,111,111,111,111,111,
2612,Flower_Ring	,99,111,111,111,111,111,111,111,111,111,
2613,Diamond_Ring	,99,111,111,111,111,111,111,111,111,111,
2614,an_Eye_of_Dullahan	,99,111,111,111,111,111,111,111,111,111,
2615,Safety_Ring	,99,111,111,111,111,111,111,111,111,111,
2616,Critical_Ring	,99,111,111,111,111,111,111,111,111,111,
2617,Mitten_of_Presbyter	,99,111,111,111,111,111,111,111,111,111,
2618,Matyr's_Flea_Guard	,99,111,111,111,111,111,111,111,111,111,
2619,Thimble_Of_Archer	,3,11,111,111,111,111,111,111,111,111,111,
2620,Ring_Of_Rogue	,6,12,111,111,111,111,111,111,111,111,111,
2621,Ring		,99,111,111,111,111,111,111,111,111,111,
2622,Earring		,99,111,111,111,111,111,111,111,111,111,
2623,Necklace		,99,111,111,111,111,111,111,111,111,111,
2624,Glove		,99,111,111,111,111,111,111,111,111,111,
2625,Brooch		,99,111,111,111,111,111,111,111,111,111,
5001,Headset		,99,111,111,111,111,111,111,111,111,111,
5002,Gemmed_Crown	,1,5,7,10,111,111,111,111,111,111,111,111,
5003,Joker_Jester	,99,111,111,111,111,111,111,111,111,111,
5004,Oxygen_Mask	,99,111,111,111,111,111,111,111,111,111,
5005,Gas_Mask		,99,111,111,111,111,111,111,111,111,111,
5006,Machoman_Glasses	,99,111,111,111,111,111,111,111,111,111,
5007,Grand_Circlet	,99,111,111,111,111,111,111,111,111,111,
5008,Puppy_Love	,99,111,111,111,111,111,111,111,111,111,
5009,Safety_Helmet	,99,111,111,111,111,111,111,111,111,111,
5010,Indian_Hair_Piece	,99,111,111,111,111,111,111,111,111,111,
5011,Antenna		,99,111,111,111,111,111,111,111,111,111,
5012,Ph.D_Hat		,99,111,111,111,111,111,111,111,111,111,
5013,Horn_Of_Lord_Kaho	,99,111,111,111,111,111,111,111,111,111,
5014,Fin_Helm		,1,7,111,111,111,111,111,111,111,111,111,
5015,Egg_Shell		,99,111,111,111,111,111,111,111,111,111,111,
5016,Boy's_Cap		,1,5,7,10,111,111,111,111,111,111,111,111,
5017,Bone_Helm		,1,5,7,10,111,111,111,111,111,111,111,111,
5018,Feather_Bonnet	,3,11,111,111,111,111,111,111,111,111,111,
5019,Corsair		,99,111,111,111,111,111,111,111,111,111,
