46,1_ETC_01,1_ETC_01,0,1,0,0,0,0,0,0,0,0,0,0,0,0,0,0,0,200,0,0,0,,,,,,,,	,,
66,1_F_01,1_F_01,0,1,0,0,0,0,0,0,0,0,0,0,0,0,0,0,0,200,0,0,0,,,,,,,,	,,
67,1_F_02,1_F_02,0,1,0,0,0,0,0,0,0,0,0,0,0,0,0,0,0,200,0,0,0,,,,,,,,	,,
68,1_F_03,1_F_03,0,1,0,0,0,0,0,0,0,0,0,0,0,0,0,0,0,200,0,0,0,,,,,,,,	,,
69,1_F_04,1_F_04,0,1,0,0,0,0,0,0,0,0,0,0,0,0,0,0,0,200,0,0,0,,,,,,,,	,,
70,1_F_GYPSY,1_F_GYPSY,0,1,0,0,0,0,0,0,0,0,0,0,0,0,0,0,0,200,0,0,0,,,,,,,,	,,
71,1_F_LIBRARYGIRL,1_F_LIBRARYGIRL,0,1,0,0,0,0,0,0,0,0,0,0,0,0,0,0,0,200,0,0,0,,,,,,,,	,,
72,1_F_MARIA,1_F_MARIA,0,1,0,0,0,0,0,0,0,0,0,0,0,0,0,0,0,200,0,0,0,,,,,,,,	,,
73,1_F_MERCHANT_01,1_F_MERCHANT_01,0,1,0,0,0,0,0,0,0,0,0,0,0,0,0,0,0,200,0,0,0,,,,,,,,	,,
74,1_F_MERCHANT_02,1_F_MERCHANT_02,0,1,0,0,0,0,0,0,0,0,0,0,0,0,0,0,0,200,0,0,0,,,,,,,,	,,
75,1_F_ORIENT_01,1_F_ORIENT_01,0,1,0,0,0,0,0,0,0,0,0,0,0,0,0,0,0,200,0,0,0,,,,,,,,	,,
76,1_F_ORIENT_02,1_F_ORIENT_02,0,1,0,0,0,0,0,0,0,0,0,0,0,0,0,0,0,200,0,0,0,,,,,,,,	,,
77,1_F_ORIENT_03,1_F_ORIENT_03,0,1,0,0,0,0,0,0,0,0,0,0,0,0,0,0,0,200,0,0,0,,,,,,,,	,,
78,1_F_ORIENT_04,1_F_ORIENT_04,0,1,0,0,0,0,0,0,0,0,0,0,0,0,0,0,0,200,0,0,0,,,,,,,,	,,
79,1_F_PRIEST,1_F_PRIEST,0,1,0,0,0,0,0,0,0,0,0,0,0,0,0,0,0,200,0,0,0,,,,,,,,	,,
80,1_F_PUBGIRL,1_F_PUBGIRL,0,1,0,0,0,0,0,0,0,0,0,0,0,0,0,0,0,200,0,0,0,,,,,,,,	,,
47,1_M_01,1_M_01,0,1,0,0,0,0,0,0,0,0,0,0,0,0,0,0,0,200,0,0,0,,,,,,,,	,,
48,1_M_02,1_M_02,0,1,0,0,0,0,0,0,0,0,0,0,0,0,0,0,0,200,0,0,0,,,,,,,,	,,
49,1_M_03,1_M_03,0,1,0,0,0,0,0,0,0,0,0,0,0,0,0,0,0,200,0,0,0,,,,,,,,	,,
50,1_M_04,1_M_04,0,1,0,0,0,0,0,0,0,0,0,0,0,0,0,0,0,200,0,0,0,,,,,,,,	,,
51,1_M_BARD,1_M_BARD,0,1,0,0,0,0,0,0,0,0,0,0,0,0,0,0,0,200,0,0,0,,,,,,,,	,,
52,1_M_HOF,1_M_HOF,0,1,0,0,0,0,0,0,0,0,0,0,0,0,0,0,0,200,0,0,0,,,,,,,,	,,
53,1_M_INNKEEPER,1_M_INNKEEPER,0,1,0,0,0,0,0,0,0,0,0,0,0,0,0,0,0,200,0,0,0,,,,,,,,	,,
54,1_M_JOBGUIDER,1_M_JOBGUIDER,0,1,0,0,0,0,0,0,0,0,0,0,0,0,0,0,0,200,0,0,0,,,,,,,,	,,
55,1_M_JOBTESTER,1_M_JOBTESTER,0,1,0,0,0,0,0,0,0,0,0,0,0,0,0,0,0,200,0,0,0,,,,,,,,	,,
56,1_M_KNIGHTMASTER,1_M_KNIGHTMASTER,0,1,0,0,0,0,0,0,0,0,0,0,0,0,0,0,0,200,0,0,0,,,,,,,,	,,
57,1_M_LIBRARYMASTER,1_M_LIBRARYMASTER,0,1,0,0,0,0,0,0,0,0,0,0,0,0,0,0,0,200,0,0,0,,,,,,,,	,,
58,1_M_MERCHANT,1_M_MERCHANT,0,1,0,0,0,0,0,0,0,0,0,0,0,0,0,0,0,200,0,0,0,,,,,,,,	,,
106,1_M_MOC_LORD,1_M_MOC_LORD,0,1,0,0,0,0,0,0,0,0,0,0,0,0,0,0,0,200,0,0,0,,,,,,,,	,,
59,1_M_ORIENT01,1_M_ORIENT01,0,1,0,0,0,0,0,0,0,0,0,0,0,0,0,0,0,200,0,0,0,,,,,,,,	,,
60,1_M_PASTOR,1_M_PASTOR,0,1,0,0,0,0,0,0,0,0,0,0,0,0,0,0,0,200,0,0,0,,,,,,,,	,,
107,1_M_PAY_ELDER,1_M_PAY_ELDER,0,1,0,0,0,0,0,0,0,0,0,0,0,0,0,0,0,200,0,0,0,,,,,,,,	,,
108,1_M_PRON_KING,1_M_PRON_KING,0,1,0,0,0,0,0,0,0,0,0,0,0,0,0,0,0,200,0,0,0,,,,,,,,	,,
61,1_M_PUBMASTER,1_M_PUBMASTER,0,1,0,0,0,0,0,0,0,0,0,0,0,0,0,0,0,200,0,0,0,,,,,,,,	,,
62,1_M_SIZ,1_M_SIZ,0,1,0,0,0,0,0,0,0,0,0,0,0,0,0,0,0,200,0,0,0,,,,,,,,	,,
63,1_M_SMITH,1_M_SMITH,0,1,0,0,0,0,0,0,0,0,0,0,0,0,0,0,0,200,0,0,0,,,,,,,,	,,
64,1_M_WIZARD,1_M_WIZARD,0,1,0,0,0,0,0,0,0,0,0,0,0,0,0,0,0,200,0,0,0,,,,,,,,	,,
65,1_M_YOUNGKNIGHT,1_M_YOUNGKNIGHT,0,1,0,0,0,0,0,0,0,0,0,0,0,0,0,0,0,200,0,0,0,,,,,,,,	,,
723,1_SHADOW_NPC,1_SHADOW_NPC,0,1,0,0,0,0,0,0,0,0,0,0,0,0,0,0,0,200,0,0,0,,,,,,,,	,,
123,2_F_MAGICMASTER,2_F_MAGICMASTER,0,1,0,0,0,0,0,0,0,0,0,0,0,0,0,0,0,200,0,0,0,,,,,,,,	,,
740,2_M_ALCHE,2_M_ALCHE,0,1,0,0,0,0,0,0,0,0,0,0,0,0,0,0,0,200,0,0,0,,,,,,,,	,,
741,2_M_BARD_ORIENT,2_M_BARD_ORIENT,0,1,0,0,0,0,0,0,0,0,0,0,0,0,0,0,0,200,0,0,0,,,,,,,,	,,
122,2_M_DYEINGER,2_M_DYEINGER,0,1,0,0,0,0,0,0,0,0,0,0,0,0,0,0,0,200,0,0,0,,,,,,,,	,,
121,2_M_MOLGENSTEIN,2_M_MOLGENSTEIN,0,1,0,0,0,0,0,0,0,0,0,0,0,0,0,0,0,200,0,0,0,,,,,,,,	,,
120,2_M_PHARMACIST,2_M_PHARMACIST,0,1,0,0,0,0,0,0,0,0,0,0,0,0,0,0,0,200,0,0,0,,,,,,,,	,,
742,2_M_SAGE_B,2_M_SAGE_B,0,1,0,0,0,0,0,0,0,0,0,0,0,0,0,0,0,200,0,0,0,,,,,,,,	,,
743,2_M_SAGE_OLD,2_M_SAGE_OLD,0,1,0,0,0,0,0,0,0,0,0,0,0,0,0,0,0,200,0,0,0,,,,,,,,	,,
119,2_M_SWORDMASTER,2_M_SWORDMASTER,0,1,0,0,0,0,0,0,0,0,0,0,0,0,0,0,0,200,0,0,0,,,,,,,,	,,
118,2_M_THIEFMASTER,2_M_THIEFMASTER,0,1,0,0,0,0,0,0,0,0,0,0,0,0,0,0,0,200,0,0,0,,,,,,,,	,,
101,4W_F_01,4W_F_01,0,1,0,0,0,0,0,0,0,0,0,0,0,0,0,0,0,200,0,0,0,,,,,,,,	,,
96,4W_KID,4W_KID,0,1,0,0,0,0,0,0,0,0,0,0,0,0,0,0,0,200,0,0,0,,,,,,,,	,,
97,4W_M_01,4W_M_01,0,1,0,0,0,0,0,0,0,0,0,0,0,0,0,0,0,200,0,0,0,,,,,,,,	,,
98,4W_M_02,4W_M_02,0,1,0,0,0,0,0,0,0,0,0,0,0,0,0,0,0,200,0,0,0,,,,,,,,	,,
99,4W_M_03,4W_M_03,0,1,0,0,0,0,0,0,0,0,0,0,0,0,0,0,0,200,0,0,0,,,,,,,,	,,
100,4W_SAILOR,4W_SAILOR,0,1,0,0,0,0,0,0,0,0,0,0,0,0,0,0,0,200,0,0,0,,,,,,,,	,,
736,4_BAPHOMET,4_BAPHOMET,0,1,0,0,0,0,0,0,0,0,0,0,0,0,0,0,0,200,0,0,0,,,,,,,,	,,
737,4_DARKLORD,4_DARKLORD,0,1,0,0,0,0,0,0,0,0,0,0,0,0,0,0,0,200,0,0,0,,,,,,,,	,,
738,4_DEVIRUCHI,4_DEVIRUCHI,0,1,0,0,0,0,0,0,0,0,0,0,0,0,0,0,0,200,0,0,0,,,,,,,,	,,
81,4_DOG01,4_DOG01,0,1,0,0,0,0,0,0,0,0,0,0,0,0,0,0,0,200,0,0,0,,,,,,,,	,,
90,4_F_01,4_F_01,0,1,0,0,0,0,0,0,0,0,0,0,0,0,0,0,0,200,0,0,0,,,,,,,,	,,
91,4_F_02,4_F_02,0,1,0,0,0,0,0,0,0,0,0,0,0,0,0,0,0,200,0,0,0,,,,,,,,	,,
92,4_F_03,4_F_03,0,1,0,0,0,0,0,0,0,0,0,0,0,0,0,0,0,200,0,0,0,,,,,,,,	,,
93,4_F_04,4_F_04,0,1,0,0,0,0,0,0,0,0,0,0,0,0,0,0,0,200,0,0,0,,,,,,,,	,,
711,4_F_05,4_F_05,0,1,0,0,0,0,0,0,0,0,0,0,0,0,0,0,0,200,0,0,0,,,,,,,,	,,
714,4_F_06,4_F_06,0,1,0,0,0,0,0,0,0,0,0,0,0,0,0,0,0,200,0,0,0,,,,,,,,	,,
724,4_F_07,4_F_07,0,1,0,0,0,0,0,0,0,0,0,0,0,0,0,0,0,200,0,0,0,,,,,,,,	,,
744,4_F_ALCHE,4_F_ALCHE,0,1,0,0,0,0,0,0,0,0,0,0,0,0,0,0,0,200,0,0,0,,,,,,,,	,,
745,4_F_CRU,4_F_CRU,0,1,0,0,0,0,0,0,0,0,0,0,0,0,0,0,0,200,0,0,0,,,,,,,,	,,
701,4_F_GODEMOM,4_F_GODEMOM,0,1,0,0,0,0,0,0,0,0,0,0,0,0,0,0,0,200,0,0,0,,,,,,,,	,,
702,4_F_GON,4_F_GON,0,1,0,0,0,0,0,0,0,0,0,0,0,0,0,0,0,200,0,0,0,,,,,,,,	,,
725,4_F_JOB_ASSASSIN,4_F_JOB_ASSASSIN,0,1,0,0,0,0,0,0,0,0,0,0,0,0,0,0,0,200,0,0,0,,,,,,,,	,,
726,4_F_JOB_BLACKSMITH,4_F_JOB_BLACKSMITH,0,1,0,0,0,0,0,0,0,0,0,0,0,0,0,0,0,200,0,0,0,,,,,,,,	,,
727,4_F_JOB_HUNTER,4_F_JOB_HUNTER,0,1,0,0,0,0,0,0,0,0,0,0,0,0,0,0,0,200,0,0,0,,,,,,,,	,,
728,4_F_JOB_KNIGHT,4_F_JOB_KNIGHT,0,1,0,0,0,0,0,0,0,0,0,0,0,0,0,0,0,200,0,0,0,,,,,,,,	,,
117,4_F_KAFRA1,4_F_KAFRA1,0,1,0,0,0,0,0,0,0,0,0,0,0,0,0,0,0,200,0,0,0,,,,,,,,	,,
116,4_F_KAFRA2,4_F_KAFRA2,0,1,0,0,0,0,0,0,0,0,0,0,0,0,0,0,0,200,0,0,0,,,,,,,,	,,
115,4_F_KAFRA3,4_F_KAFRA3,0,1,0,0,0,0,0,0,0,0,0,0,0,0,0,0,0,200,0,0,0,,,,,,,,	,,
114,4_F_KAFRA4,4_F_KAFRA4,0,1,0,0,0,0,0,0,0,0,0,0,0,0,0,0,0,200,0,0,0,,,,,,,,	,,
113,4_F_KAFRA5,4_F_KAFRA5,0,1,0,0,0,0,0,0,0,0,0,0,0,0,0,0,0,200,0,0,0,,,,,,,,	,,
112,4_F_KAFRA6,4_F_KAFRA6,0,1,0,0,0,0,0,0,0,0,0,0,0,0,0,0,0,200,0,0,0,,,,,,,,	,,
721,4_F_KAFRA7,4_F_KAFRA7,0,1,0,0,0,0,0,0,0,0,0,0,0,0,0,0,0,200,0,0,0,,,,,,,,	,,
703,4_F_KID2,4_F_KID2,0,1,0,0,0,0,0,0,0,0,0,0,0,0,0,0,0,200,0,0,0,,,,,,,,	,,
717,4_F_KID3,4_F_KID3,0,1,0,0,0,0,0,0,0,0,0,0,0,0,0,0,0,200,0,0,0,,,,,,,,	,,
94,4_F_MAID,4_F_MAID,0,1,0,0,0,0,0,0,0,0,0,0,0,0,0,0,0,200,0,0,0,,,,,,,,	,,
746,4_F_MONK,4_F_MONK,0,1,0,0,0,0,0,0,0,0,0,0,0,0,0,0,0,200,0,0,0,,,,,,,,	,,
719,4_F_NACORURI,4_F_NACORURI,0,1,0,0,1,0,0,0,0,0,0,0,0,0,0,0,0,200,0,0,0,,,,,,,,	,,
729,4_F_NOVICE,4_F_NOVICE,0,1,0,0,0,0,0,0,0,0,0,0,0,0,0,0,0,200,0,0,0,,,,,,,,	,,
747,4_F_ROGUE,4_F_ROGUE,0,1,0,0,0,0,0,0,0,0,0,0,0,0,0,0,0,200,0,0,0,,,,,,,,	,,
720,4_F_SHAMAN,4_F_SHAMAN,0,1,0,0,1,0,0,0,0,0,0,0,0,0,0,0,0,200,0,0,0,,,,,,,,	,,
95,4_F_SISTER,4_F_SISTER,0,1,0,0,0,0,0,0,0,0,0,0,0,0,0,0,0,200,0,0,0,,,,,,,,	,,
124,4_F_TELEPORTER,4_F_TELEPORTER,0,1,0,0,0,0,0,0,0,0,0,0,0,0,0,0,0,200,0,0,0,,,,,,,,	,,
82,4_KID01,4_KID01,0,1,0,0,0,0,0,0,0,0,0,0,0,0,0,0,0,200,0,0,0,,,,,,,,	,,
83,4_M_01,4_M_01,0,1,0,0,0,0,0,0,0,0,0,0,0,0,0,0,0,200,0,0,0,,,,,,,,	,,
84,4_M_02,4_M_02,0,1,0,0,0,0,0,0,0,0,0,0,0,0,0,0,0,200,0,0,0,,,,,,,,	,,
85,4_M_03,4_M_03,0,1,0,0,0,0,0,0,0,0,0,0,0,0,0,0,0,200,0,0,0,,,,,,,,	,,
86,4_M_04,4_M_04,0,1,0,0,0,0,0,0,0,0,0,0,0,0,0,0,0,200,0,0,0,,,,,,,,	,,
712,4_M_05,4_M_05,0,1,0,0,0,0,0,0,0,0,0,0,0,0,0,0,0,200,0,0,0,,,,,,,,	,,
713,4_M_06,4_M_06,0,1,0,0,0,0,0,0,0,0,0,0,0,0,0,0,0,200,0,0,0,,,,,,,,	,,
748,4_M_ALCHE_A,4_M_ALCHE_A,0,1,0,0,0,0,0,0,0,0,0,0,0,0,0,0,0,200,0,0,0,,,,,,,,	,,
749,4_M_ALCHE_B,4_M_ALCHE_B,0,1,0,0,0,0,0,0,0,0,0,0,0,0,0,0,0,200,0,0,0,,,,,,,,	,,
750,4_M_ALCHE_C,4_M_ALCHE_C,0,1,0,0,0,0,0,0,0,0,0,0,0,0,0,0,0,200,0,0,0,,,,,,,,	,,
87,4_M_BARBER,4_M_BARBER,0,1,0,0,0,0,0,0,0,0,0,0,0,0,0,0,0,200,0,0,0,,,,,,,,	,,
704,4_M_BIBI,4_M_BIBI,0,1,0,0,0,0,0,0,0,0,0,0,0,0,0,0,0,200,0,0,0,,,,,,,,	,,
751,4_M_CRU,4_M_CRU,0,1,0,0,0,0,0,0,0,0,0,0,0,0,0,0,0,200,0,0,0,,,,,,,,	,,
752,4_M_CRU_OLD,4_M_CRU_OLD,0,1,0,0,0,0,0,0,0,0,0,0,0,0,0,0,0,200,0,0,0,,,,,,,,	,,
705,4_M_GEF_SOLDIER,4_M_GEF_SOLDIER,0,1,0,0,0,0,0,0,0,0,0,0,0,0,0,0,0,200,0,0,0,,,,,,,,	,,
730,4_M_JOB_ASSASSIN,4_M_JOB_ASSASSIN,0,1,0,0,0,0,0,0,0,0,0,0,0,0,0,0,0,200,0,0,0,,,,,,,,	,,
731,4_M_JOB_BLACKSMITH,4_M_JOB_BLACKSMITH,0,1,0,0,0,0,0,0,0,0,0,0,0,0,0,0,0,200,0,0,0,,,,,,,,	,,
732,4_M_JOB_HUNTER,4_M_JOB_HUNTER,0,1,0,0,0,0,0,0,0,0,0,0,0,0,0,0,0,200,0,0,0,,,,,,,,	,,
733,4_M_JOB_KNIGHT1,4_M_JOB_KNIGHT1,0,1,0,0,0,0,0,0,0,0,0,0,0,0,0,0,0,200,0,0,0,,,,,,,,	,,
734,4_M_JOB_KNIGHT2,4_M_JOB_KNIGHT2,0,1,0,0,0,0,0,0,0,0,0,0,0,0,0,0,0,200,0,0,0,,,,,,,,	,,
735,4_M_JOB_WIZARD,4_M_JOB_WIZARD,0,1,0,0,0,0,0,0,0,0,0,0,0,0,0,0,0,200,0,0,0,,,,,,,,	,,
706,4_M_KID1,4_M_KID1,0,1,0,0,0,0,0,0,0,0,0,0,0,0,0,0,0,200,0,0,0,,,,,,,,	,,
716,4_M_KID2,4_M_KID2,0,1,0,0,0,0,0,0,0,0,0,0,0,0,0,0,0,200,0,0,0,,,,,,,,	,,
109,4_M_MANAGER,4_M_MANAGER,0,1,0,0,0,0,0,0,0,0,0,0,0,0,0,0,0,200,0,0,0,,,,,,,,	,,
110,4_M_MINISTER,4_M_MINISTER,0,1,0,0,0,0,0,0,0,0,0,0,0,0,0,0,0,200,0,0,0,,,,,,,,	,,
707,4_M_MOC_SOLDIER,4_M_MOC_SOLDIER,0,1,0,0,0,0,0,0,0,0,0,0,0,0,0,0,0,200,0,0,0,,,,,,,,	,,
753,4_M_MONK,4_M_MONK,0,1,0,0,0,0,0,0,0,0,0,0,0,0,0,0,0,200,0,0,0,,,,,,,,	,,
88,4_M_ORIENT01,4_M_ORIENT01,0,1,0,0,0,0,0,0,0,0,0,0,0,0,0,0,0,200,0,0,0,,,,,,,,	,,
89,4_M_ORIENT02,4_M_ORIENT02,0,1,0,0,0,0,0,0,0,0,0,0,0,0,0,0,0,200,0,0,0,,,,,,,,	,,
708,4_M_PAY_SOLDIER,4_M_PAY_SOLDIER,0,1,0,0,0,0,0,0,0,0,0,0,0,0,0,0,0,200,0,0,0,,,,,,,,	,,
715,4_M_PIERROT,4_M_PIERROT,0,1,0,0,0,0,0,0,0,0,0,0,0,0,0,0,0,200,0,0,0,,,,,,,,	,,
754,4_M_SAGE_A,4_M_SAGE_A,0,1,0,0,0,0,0,0,0,0,0,0,0,0,0,0,0,200,0,0,0,,,,,,,,	,,
755,4_M_SAGE_C,4_M_SAGE_C,0,1,0,0,0,0,0,0,0,0,0,0,0,0,0,0,0,200,0,0,0,,,,,,,,	,,
718,4_M_SANTA,4_M_SANTA,0,1,0,0,0,0,0,0,0,0,0,0,0,0,0,0,0,200,0,0,0,,,,,,,,	,,
709,4_M_SEAMAN,4_M_SEAMAN,0,1,0,0,0,0,0,0,0,0,0,0,0,0,0,0,0,200,0,0,0,,,,,,,,	,,
710,4_M_SNOWMAN,4_M_SNOWMAN,0,1,0,0,0,0,0,0,0,0,0,0,0,0,0,0,0,200,0,0,0,,,,,,,,	,,
125,4_M_TELEPORTER,4_M_TELEPORTER,0,1,0,0,0,0,0,0,0,0,0,0,0,0,0,0,0,200,0,0,0,,,,,,,,	,,
105,8W_SOLDIER,8W_SOLDIER,0,1,0,0,0,0,0,0,0,0,0,0,0,0,0,0,0,200,0,0,0,,,,,,,,	,,
739,8_DOPPEL,8_DOPPEL,0,1,0,0,0,0,0,0,0,0,0,0,0,0,0,0,0,200,0,0,0,,,,,,,,	,,
102,8_F,8_F,0,1,0,0,0,0,0,0,0,0,0,0,0,0,0,0,0,200,0,0,0,,,,,,,,	,,
700,8_F_GIRL,8_F_GIRL,0,1,0,0,0,0,0,0,0,0,0,0,0,0,0,0,0,200,0,0,0,,,,,,,,	,,
103,8_F_GRANDMOTHER,8_F_GRANDMOTHER,0,1,0,0,0,0,0,0,0,0,0,0,0,0,0,0,0,200,0,0,0,,,,,,,,	,,
1193,ALARM,ALARM,58,10647,3987,2300,1,480,120,15,35,15,10,143,120,1,0,60,1,300,1020,500,768,1095:5500,2607:20,7005:1500,611:1300,984:105,7026:20,912:1500,512:0	,,
1275,ALICE,ALICE,62,10000,3583,2400,1,550,150,5,76,5,85,162,126,1,7,60,7,200,1152,1152,480,7047:2500,637:40,2407:3,739:30,512:100,503:400,2215:5,512:0	,,
1271,ALLIGATOR,ALLIGATOR,42,6962,1379,866,1,315,45,2,5,5,10,124,87,1,2,21,7,200,1100,900,480,912:1000,1099:600,7003:2000,608:50,512:0,512:0,756:129,512:0	,,
1094,AMBERNITE,AMBERNITE,13,495,57,38,1,39,7,30,45,0,5,31,26,2,4,21,7,400,2048,648,648,991:35,946:5500,910:1200,935:3000,943:2,757:14,1002:150,4032:5	,,
1301,AM_MUT,AM_MUT,61,12099,7709,2690,1,1040,81,50,1,10,35,144,126,0,6,27,1,200,1156,456,384,1021:4550,757:250,1517:3,969:5,2282:1,912:1200,746:250,616:1	,,
1030,ANACONDAQ,ANACONDAQ,23,1109,300,149,1,124,33,0,8,0,10,59,46,1,2,25,7,200,1576,576,576,1011:50,937:5500,1455:10,926:1500,936:200,508:150,756:38,4062:1	,,
1297,ANCIENT_MUMMY,ANCIENT_MUMMY,64,40599,8040,3499,1,836,293,27,1,27,5,147,83,1,1,49,1,175,1772,120,384,930:4550,934:1800,2624:1,2611:150,503:350,756:150,757:100,7053:2500	,,
1305,ANCIENT_WORM,ANCIENT_WORM,67,22598,8174,3782,1,948,167,35,1,30,55,148,102,2,4,25,1,165,1792,792,336,1042:4550,912:2500,2406:9,719:15,1096:680,938:3500,7054:2500,7053:2500	,,
1095,ANDRE,ANDRE,17,688,109,71,1,60,11,10,12,0,20,43,34,0,4,22,8,300,1288,288,384,955:5500,910:1000,938:500,992:40,1001:4,1002:350,757:28,4043:1	,,
1096,ANGELING,ANGELING,20,55000,163,144,1,120,75,0,30,70,75,88,70,1,8,86,13,200,1072,672,672,2254:100,2324:60,610:500,2282:1,504:1000,7145:250,714:40,4054:1	,,
1206,ANOLIAN,ANOLIAN,63,18960,4378,2907,1,640,120,15,35,15,25,160,106,1,5,41,1,190,900,500,864,7003:5500,1754:2000,504:650,10019:10,943:5500,2625:1,984:134,526:5	,,
1247,ANTONIO,ANTONIO,10,10,3,2,1,13,7,100,1,0,50,110,11,1,3,66,0,100,720,720,432,7034:10000,644:200,538:1500,539:1000,529:5500,530:5500,2236:250,512:0	,,
1097,ANT_EGG,ANT_EGG,4,420,5,4,0,1,1,20,60,20,1,5,5,0,0,60,2,1000,1001,1,1,1010:320,935:2500,909:2000,938:650,713:2000,1002:200,512:0,4018:2	,,
1098,ANUBIS,ANUBIS,55,12359,2906,2700,1,688,124,0,22,45,75,150,124,1,8,26,1,200,2000,1000,500,2602:5,504:600,2601:5,1007:15,512:0,512:0,512:0,4138:1	,,
1365,APOCALIPS,APOCALIPS,66,22880,6540,4935,2,1030,340,62,1,49,48,132,114,2,0,60,1,400,1840,1440,384,7095:5500,7094:2400,7076:2200,985:5,757:15,2506:20,512:0,512:0	,,
1388,ARCHANGELING,ARCHANGELING,60,79523,4152,2173,1,669,221,54,1,58,74,125,125,1,8,66,1,180,1072,672,480,2255:5,610:1800,608:150,985:15,984:55,2317:3,7145:500,512:0	,,
1285,ARCHER_GUARDIAN,ARCHER_GUARDIAN,74,28634,1,1,12,1120,480,35,1,60,90,239,154,2,7,80,1,265,1200,1200,384,,,,,,,,	,,
1016,ARCHER_SKELETON,ARCHER_SKELETON,31,3040,483,283,9,128,25,0,6,0,5,121,39,1,1,29,1,300,2864,864,576,932:4500,756:70,2285:3,1708:35,1752:1000,501:800,1701:150,4094:1	,,
1194,ARCLOUSE,ARCLOUSE,59,6075,860,1000,1,570,70,10,45,15,5,134,134,1,4,42,1,100,960,500,480,1096:3500,938:3000,943:800,912:450,716:300,997:20,912:2500,512:0	,,
1099,ARGIOPE,ARGIOPE,41,4382,1797,849,1,395,85,30,32,0,10,97,82,2,4,25,13,300,1792,792,336,1042:5500,912:1200,757:175,2406:5,511:1500,719:10,512:0,4114:1	,,
1100,ARGOS,ARGOS,25,1117,388,188,1,158,33,15,10,0,5,57,50,2,4,25,1,300,1468,468,768,1025:5500,911:1200,1042:500,757:61,511:670,508:250,10017:15,4075:2	,,
1315,ASSULTER,ASSULTER,71,11170,6911,3304,2,764,735,35,25,28,35,171,145,1,7,44,1,155,1000,900,432,967:4550,7069:1200,7072:840,503:1280,912:1240,522:45,603:1,512:0	,,
1266,ASTER,ASTER,18,1372,122,78,1,56,8,0,15,10,1,52,37,0,5,22,7,400,1264,864,216,938:500,7013:40,1052:1200,508:200,912:60,512:100,512:0,512:0	,,
1039,BAPHOMET,BAPHOMET,81,668000,107250,37895,2,3220,820,35,50,45,85,201,233,2,6,67,1,100,768,768,576,1466:200,2256:200,2607:800,714:500,617:3000,985:5600,984:4300,4147:1	607:2000,750:500,923:5000
1101,BAPHOMET_,BAPHOMET_,50,8578,2706,1480,1,487,103,15,50,25,1,143,125,0,6,27,1,100,868,480,120,923:500,984:63,1464:2,607:50,610:100,503:300,2405:50,4129:1	,,
1102,BATHORY,BATHORY,44,5415,2503,1034,1,198,200,0,20,60,85,109,120,1,7,27,1,100,1504,840,900,1001:200,1061:5500,2252:3,1611:5,1000:30,1006:15,637:20,4119:1	,,
1060,BIGFOOT,BIGFOOT,25,1619,310,188,1,198,22,10,20,0,15,45,50,2,2,22,7,300,1260,192,192,948:5500,2289:5,919:5000,740:80,516:1500,518:400,756:43,4074:1	,,
1084,BLACK_MUSHROOM,BLACK_MUSHROOM,1,15,0,0,1,1,1,100,99,99,1,2,2,0,3,22,2,2000,1,1,1,970:50,971:50,630:20,949:2000,991:800,921:5500,921:5500,921:5500	,,
1367,BLAZZER,BLAZZER,43,8252,3173,1871,2,533,176,50,1,40,39,112,95,1,6,43,1,180,1732,1332,540,7097:5500,7098:3700,504:4000,512:0,512:0,512:0,512:0,512:0	,,
1268,BLOODY_KNIGHT,BLOODY_KNIGHT,82,57870,10120,6820,3,2150,880,60,72,50,77,207,157,2,0,87,1,250,828,528,192,7054:5500,2229:45,2317:5,2106:65,1170:1,984:304,985:433,1417:2	,,
1079,BLUE_PLANT,BLUE_PLANT,1,10,0,0,1,1,1,100,99,99,1,2,2,0,3,22,2,2000,1,1,1,510:5500,712:1000,711:1000,905:500,906:300,522:50,514:1000,2270:2	,,
1188,BON_GUN,BON_GUN,32,3520,424,242,1,220,40,0,10,0,10,80,47,1,1,29,1,200,1720,500,420,1094:5500,7014:40,618:60,2337:2,609:15,508:1000,502:250,5046:1	,,
1211,BRILIGHT,BRILIGHT,46,5562,1826,1331,1,298,85,30,65,5,10,96,136,0,4,23,1,200,1500,500,1000,7009:5500,993:200,912:1200,602:1000,757:220,610:250,509:1600,4039:2	,,
1103,CARAMEL,CARAMEL,23,1424,264,162,1,90,22,5,16,5,5,61,46,0,22,2,7,200,1604,840,756,1027:5500,2310:5,919:5500,1455:10,1405:15,1408:20,512:0,4063:1	,,
1267,CARAT,CARAT,51,5200,1926,1353,1,330,87,0,27,25,5,136,92,1,6,44,1,200,1078,768,384,7054:3200,536:1000,2409:5,5003:1,512:0,512:0,504:450,512:0	,,
1300,CATERPILLAR,CATERPILLAR,64,14439,6272,3107,1,894,553,47,1,29,15,133,89,0,4,22,1,300,1672,672,480,949:3000,7054:5500,2227:20,1000:100,997:50,501:1000,502:500,505:12	,,
1307,CAT_O_NINE_TAIL,CAT_O_NINE_TAIL,76,64512,10869,4283,1,1112,163,61,1,55,82,162,151,1,6,63,1,155,1276,576,288,5008:1,638:150,10008:5,985:600,984:800,969:6,617:1,7054:5500	,,
1250,CHEPET,CHEPET,42,4950,1518,946,1,380,60,0,10,25,71,107,114,1,7,23,1,400,672,672,288,7035:2500,912:750,512:5500,619:40,10019:5,502:300,2508:5,512:0	,,
1283,CHIMERA,CHIMERA,70,32600,4950,3000,1,1200,120,30,60,10,88,145,142,2,2,63,1,200,772,672,360,7054:5500,1048:2500,657:500,1306:1,504:560,1364:1,984:160,512:0	,,
1214,CHOCO,CHOCO,43,4278,1265,1265,1,315,87,5,20,5,45,108,111,0,2,23,6,200,1500,500,1000,7011:5500,942:7000,985:53,513:5000,634:20,532:1000,607:25,4051:2	,,
1011,CHONCHON,CHONCHON,4,67,5,4,1,10,3,10,1,0,5,16,14,0,4,24,0,200,1076,576,480,998:50,935:6500,909:1500,1205:55,601:100,742:5,1002:150,4009:5	,,
1183,CHONCHON_,CHONCHON_,4,67,5,4,1,10,3,10,1,0,5,16,14,0,4,24,1,200,1076,576,480,998:50,935:5500,909:1500,1205:55,601:100,742:5,512:0,4009:5	,,
1269,CLOCK,CLOCK,60,11050,3410,2904,1,720,189,15,50,10,25,150,130,1,0,42,7,200,1092,792,480,1095:5500,1019:800,504:900,657:220,7026:30,7027:30,985:163,512:0	,,
1104,COCO,COCO,17,817,120,78,1,56,11,0,12,0,20,41,34,0,2,22,0,150,1864,864,1008,1026:5500,2502:20,914:3000,919:2500,516:500,2402:25,512:0,4041:1	,,
1233,CONCEIVE_PECOPECO,CONCEIVE_PECOPECO,13,531,85,36,1,35,11,0,4,0,25,40,26,2,2,23,13,200,1564,864,576,925:6000,2402:20,508:55,507:950,1604:100,512:0,512:0,4031:3	,,
1009,CONDOR,CONDOR,5,92,6,5,1,11,3,0,2,0,1,18,18,1,2,24,10,150,1148,648,480,917:6500,1702:150,715:80,1750:5500,517:400,916:2000,512:0,4015:2	,,
1265,COOKIE,COOKIE,25,950,310,188,1,130,15,0,45,25,53,62,60,0,7,60,6,200,1036,936,240,538:1000,530:150,979:1,645:280,2402:30,1001:40,2502:20,529:320	,,
1246,COOKIE_XMAS,COOKIE_XMAS,28,2090,461,284,1,140,30,0,10,50,53,73,52,0,7,46,0,400,1248,1248,240,538:1500,722:45,912:200,2502:25,2501:120,507:1100,501:700,512:0	,,
1067,CORNUTUS,CORNUTUS,23,1620,240,149,1,109,22,30,30,0,5,59,46,0,5,21,7,200,1248,48,480,991:45,961:5500,911:800,757:53,2106:5,943:1000,717:100,4061:3	,,
1073,CRAB,CRAB,20,2451,163,101,1,71,10,35,80,0,1,56,40,0,5,21,7,200,992,792,360,964:5500,960:1500,7049:700,1001:13,512:0,512:0,757:37,512:0	,,
1209,CRAMP,CRAMP,56,4720,2300,1513,1,395,70,0,10,5,5,121,141,0,2,45,1,100,1000,500,1000,7007:5500,528:1000,726:80,746:110,657:150,510:70,984:95,4028:2	,,
1018,CREAMY,CREAMY,16,595,105,70,1,53,11,0,6,30,15,32,56,0,4,24,0,150,1136,720,840,924:5500,2322:10,518:150,602:100,2207:2,712:500,512:0,4040:3	,,
1293,CREMY_FEAR,CREMY_FEAR,62,13387,7365,2691,2,666,163,45,1,30,15,130,102,0,4,24,1,155,1136,720,840,924:4550,2333:10,518:550,602:200,1550:8,1611:8,522:50,7053:1800	,,
1248,CRUISER,CRUISER,35,2820,1100,450,7,175,40,5,25,5,10,125,75,1,0,60,1,400,1296,1296,432,1098:900,2251:2,998:320,996:5,911:3500,719:35,756:87,512:0	,,
1270,C_TOWER_MANAGER,C_TOWER_MANAGER,63,18600,4378,2850,3,880,300,35,75,30,64,138,138,2,0,80,7,200,1072,672,384,1095:5500,7054:5500,999:500,520:850,2109:1,7026:2000,7027:2000,512:0	,,
1260,DARK_FRAME,DARK_FRAME,59,7500,3652,3271,1,960,250,10,66,45,45,144,131,1,6,67,13,200,920,720,200,7054:5500,734:1000,2505:30,512:0,512:0,1000:80,747:3,512:0	,,
1302,DARK_ILLUSION,DARK_ILLUSION,77,103631,11163,4181,2,1300,683,64,1,70,100,174,177,2,6,89,1,145,1024,768,480,1615:3,5017:2,2508:3,7054:5500,522:120,504:550,1162:2,7053:2500	,,
1272,DARK_LORD,DARK_LORD,80,360000,65780,45045,2,2800,520,30,1,70,118,179,200,2,6,89,1,100,868,768,480,1615:800,5017:550,1237:300,2334:300,2507:100,985:5300,984:4100,2609:140	7005:6000,512:0,617:2000
1198,DARK_PRIEST,DARK_PRIEST,59,28470,3320,2974,1,298,72,30,45,60,95,141,113,1,7,87,1,200,1500,500,1000,1557:2,2608:30,505:100,716:450,1009:50,512:0,512:0,512:0	,,
1384,DELETER,DELETER,66,17292,3403,2066,1,446,147,45,1,53,65,138,171,1,9,44,1,175,1020,720,384,7123:4200,1035:5500,1037:4000,1036:3700,512:0,512:0,512:0,512:0	,,
1385,DELETER_,DELETER_,65,15168,3403,2066,1,446,147,52,1,53,65,137,132,1,9,42,1,175,1024,624,336,7123:4200,1035:5500,1037:4000,1036:3700,512:0,512:0,512:0,512:0	,,
1378,DEMON_PUNGUS,DEMON_PUNGUS,56,7259,3148,1817,1,360,119,48,1,31,59,119,139,0,6,65,1,170,1260,960,672,7119:4200,7001:4700,715:4000,512:0,512:0,512:0,512:0,512:0	,,
1105,DENIRO,DENIRO,19,760,135,85,1,68,11,15,12,0,20,62,38,0,4,22,8,150,1288,288,576,955:6000,910:3000,938:1200,990:45,1001:8,1002:450,757:34,4043:1	,,
1106,DESERT_WOLF,DESERT_WOLF,27,1716,427,266,1,169,39,0,10,10,15,83,54,1,2,23,1,200,1120,420,288,1253:5,919:5500,2311:1,517:1200,920:2000,756:53,1217:140,4082:1	,,
1107,DESERT_WOLF_B,DESERT_WOLF_B,9,164,20,16,1,30,6,0,2,0,5,30,18,0,2,23,6,300,1600,900,240,1010:85,919:5500,2305:80,517:600,2301:200,512:0,512:0,4023:10	,,
1108,DEVIACE,DEVIACE,47,19192,2105,1329,1,514,160,10,77,20,48,109,94,1,5,81,7,400,1680,480,384,995:25,1053:5500,1054:1000,5011:2,971:100,1256:3,756:161,4125:1	,,
1109,DEVIRUCHI,DEVIRUCHI,46,7360,2662,1278,1,475,85,10,40,25,55,133,115,0,6,27,1,150,980,600,384,1038:5500,1039:400,2255:2,1458:2,1009:5,912:1500,756:154,4122:1	,,
1382,DIABOLIC,DIABOLIC,67,9642,3662,2223,1,796,263,64,1,36,67,138,151,0,6,47,1,150,1080,780,180,1038:6800,1039:5700,2605:3,984:20,512:0,512:0,512:0,512:0	,,
1110,DOKEBI,DOKEBI,33,2697,889,455,1,197,52,0,15,10,35,102,83,0,6,27,7,250,1156,456,384,1021:5500,757:112,1517:2,1613:1,969:1,1501:300,1005:5,4098:1	,,
1046,DOPPELGANGER,DOPPELGANGER,72,249000,51480,10725,1,1340,250,60,85,35,35,197,162,1,6,67,1,100,480,480,288,2317:250,1162:220,1168:150,2258:350,1411:550,985:3800,984:2700,4142:1	724:1500,505:6000,512:0
1389,DRACULA,DRACULA,85,320096,120157,38870,3,1625,265,45,1,76,87,170,180,2,6,87,1,145,1290,1140,576,607:4700,1473:5,1722:5,2507:15,2621:4,1557:4,512:0,4134:1	607:5500,732:5000,522:5000
1091,DRAGON_FLY,DRAGON_FLY,8,2400,88,44,1,22,5,40,60,0,15,25,28,0,4,24,13,100,1076,576,480,2245:200,501:8000,719:1500,742:2000,2607:200,625:50,533:3000,4009:40	,,
1321,DRAGON_TAIL,DRAGON_TAIL,61,8368,3587,1453,1,520,195,25,25,19,5,128,129,1,4,44,1,175,862,534,312,7064:4550,1096:400,943:800,2207:8,2226:2,601:300,602:150,512:0	,,
1111,DRAINLIAR,DRAINLIAR,24,1162,431,176,1,74,10,0,10,0,1,102,60,0,2,47,1,250,1276,576,384,1011:60,913:3000,725:20,507:1000,7006:5500,7006:1500,756:40,4069:1	,,
1112,DRAKE,DRAKE,70,326666,28600,22880,1,1800,300,20,40,35,75,149,150,1,1,29,1,400,620,420,360,1127:600,1125:950,1135:150,1128:400,5019:350,985:3200,984:2300,4137:1	504:5000,719:500,512:0
1380,DRILLER,DRILLER,52,7452,3215,1860,1,666,220,48,1,31,50,112,118,1,2,22,1,165,1300,900,336,512:0,512:0,512:0,512:0,512:0,512:0,512:0,512:0	,,
1113,DROPS,DROPS,3,55,4,3,1,10,3,0,1,0,1,15,6,1,3,23,5,400,1372,672,480,909:7500,1602:80,938:500,512:1100,713:1700,7145:50,620:20,4004:10	,,
1114,DUSTINESS,DUSTINESS,21,1044,218,140,1,80,22,0,8,10,1,59,74,0,4,44,7,150,1004,504,384,1057:5500,1058:500,2291:4,928:2000,1001:10,507:1200,512:0,4056:2	,,
1093,ECLIPSE,ECLIPSE,6,1800,60,55,1,20,6,0,20,40,1,17,42,0,2,60,13,200,1456,456,336,2250:200,515:8000,727:1200,746:1500,706:30,622:50,534:5000,4006:70	,,
1115,EDDGA,EDDGA,65,152000,25025,12870,1,1215,350,15,45,15,66,155,135,2,2,23,1,300,872,1344,432,1133:150,2268:250,518:10000,1258:500,1030:250,985:2300,984:1700,4123:1	1029:5000,1030:1000,994:3000
104,EFFECT_NPC,EFFECT_NPC,0,1,0,0,0,0,0,0,0,0,0,0,0,0,0,20,0,200,0,0,0,,,,,,,,	,,
1116,EGGYRA,EGGYRA,24,633,215,220,1,85,22,20,1,25,1,56,60,1,0,48,7,200,1816,816,288,911:1000,5015:20,7032:550,507:1000,643:300,645:250,757:57,4070:1	,,
1377,ELDER,ELDER,64,21592,4650,3408,3,421,139,45,1,68,108,136,140,2,7,80,1,165,1552,1152,336,512:0,512:0,512:0,512:0,512:0,512:0,512:0,512:0	,,
1033,ELDER_WILOW,ELDER_WILOW,20,693,163,101,1,58,12,10,8,30,35,58,40,1,3,43,0,200,1372,672,432,990:50,907:5500,1019:350,757:37,2329:30,516:1000,604:100,4052:1	,,
1288,EMPELIUM,EMPELIUM,90,68430,109,71,1,60,11,40,1,50,50,116,107,0,4,22,1,300,1288,288,384,,,,,,,,	,,
1117,EVIL_DRUID,EVIL_DRUID,58,16506,2890,1827,1,420,250,5,22,60,80,126,87,2,1,89,13,300,2276,576,336,2217:10,1615:1,2508:2,1551:10,610:200,609:10,509:2000,4141:1	,,
1205,EXECUTIONER,EXECUTIONER,65,28980,4730,3536,2,570,380,35,40,35,25,153,150,2,0,47,0,200,768,500,384,7024:5,1108:100,1111:80,1114:60,1125:40,999:120,984:145,512:0	,,
1383,EXPLOSION,EXPLOSION,46,8054,2404,1642,1,336,111,35,1,27,50,112,107,0,2,63,1,165,1260,960,336,7006:6500,7097:2500,7122:3500,756:1000,522:500,512:0,512:0,512:0	,,
1007,FABRE,FABRE,2,63,3,2,1,8,3,0,1,0,1,9,4,0,4,22,0,400,1672,672,480,914:6500,949:500,1502:80,721:5,511:700,705:1000,1501:200,4002:15	,,
1184,FABRE_,FABRE_,1,30,1,0,1,4,3,0,1,0,1,5,3,0,4,22,1,400,1672,672,480,914:2000,949:250,1502:80,721:2,511:350,705:500,1501:200,4002:0	,,
1371,FAKE_ANGEL,FAKE_ANGEL,65,16845,3371,1949,2,513,169,50,1,35,70,126,129,0,8,66,1,160,920,720,336,7104:5500,7105:3500,717:1000,715:1000,716:1000,512:0,512:0,512:0	,,
1005,FARMILIAR,FARMILIAR,8,155,28,15,1,20,8,0,3,0,5,36,20,0,2,27,1,150,1276,576,384,913:5500,1105:20,2209:15,601:50,514:100,507:700,645:50,4020:1	,,
1210,FILAMENTOUS,FILAMENTOUS,51,6088,1926,1353,1,425,100,35,60,10,5,134,86,1,4,23,0,200,1500,500,1000,7008:5500,947:8000,943:4000,992:200,1451:40,757:18,509:1600,4045:2	,,
1118,FLORA,FLORA,26,2092,357,226,3,242,31,10,20,35,5,69,52,2,3,22,4,1000,1432,432,576,1032:5500,2253:3,704:10,521:50,629:20,905:2000,748:1,4080:1	,,
1319,FREEZER,FREEZER,72,8636,5565,2197,2,671,312,55,73,43,5,139,113,1,2,41,1,250,1452,483,528,967:4550,7070:850,7066:1250,912:1800,526:160,7053:600,1504:5,512:0	,,
1119,FRILLDORA,FRILLDORA,30,2023,529,319,1,200,39,0,12,10,15,83,60,1,2,23,7,300,1540,720,432,1012:5500,757:90,903:1500,721:15,715:200,501:800,912:120,4088:1	,,
1317,FUR_SEAL,FUR_SEAL,63,9114,3765,1824,1,845,358,25,1,33,15,132,91,1,2,21,1,200,1612,622,583,912:4500,510:250,2310:5,7053:1200,1452:1,525:200,746:120,512:0	,,
1309,GAJOMART,GAJOMART,63,13669,6625,2900,1,917,33,85,1,50,5,138,97,0,0,83,1,300,1000,1152,828,953:6500,912:2300,503:870,2279:8,1752:10000,999:640,994:180,512:0	,,
1391,GALAPAGO,GALAPAGO,61,9145,3204,1966,1,457,151,33,1,33,45,127,117,0,2,22,1,165,1430,1080,1080,7053:6700,610:1500,503:2500,606:100,605:100,512:0,512:0,512:0	,,
1253,GARGOYLE,GARGOYLE,48,3950,1650,1650,9,290,70,10,41,10,20,174,109,1,6,64,10,200,1020,720,384,912:4000,1039:500,512:0,512:0,2619:1,1769:2000,757:238,512:0	,,
1252,GARM,GARM,73,197000,50050,20020,3,1700,200,40,73,45,65,168,199,2,2,81,13,400,608,408,336,7036:5500,1131:150,1256:500,512:0,512:0,985:4100,984:2900,512:0	7036:1000,603:3000,995:3000
1368,GEOGRAPHER,GEOGRAPHER,56,8071,2715,2000,3,467,154,28,1,26,60,124,123,1,3,62,1,2000,1308,1008,480,1032:7500,1033:5500,2235:30,2207:50,512:0,512:0,512:0,512:0	,,
1120,GHOSTRING,GHOSTRING,18,73300,101,108,1,82,40,0,1,60,45,90,45,1,6,88,13,300,1220,1080,648,1059:5500,2274:100,2336:50,604:500,603:10,714:30,2335:150,4047:1	,,
1036,GHOUL,GHOUL,39,5118,882,541,1,420,80,5,7,20,1,72,59,1,1,49,16,250,2456,912,504,958:5500,756:110,509:670,506:800,2609:60,934:150,1260:0,4110:2	,,
1303,GIANT_HONET,GIANT_HONET,56,13105,5785,2006,1,650,202,38,1,43,10,127,94,0,4,24,1,155,1292,792,340,526:550,518:1200,522:12,610:15,1608:3,722:20,2627:1,516:3500	,,
1304,GIANT_SPIDER,GIANT_SPIDER,55,11874,6211,2146,1,624,177,41,1,28,5,128,91,2,4,25,1,165,1468,468,768,1025:4550,1042:1200,757:140,525:450,943:1200,1096:680,7053:800,7054:800	,,
1121,GIEARTH,GIEARTH,29,2252,495,301,1,154,31,10,20,50,60,93,58,0,6,22,7,200,1848,1296,432,997:30,1003:150,1040:5500,2286:1,2227:10,1001:100,512:0,4087:1	,,
1387,GIG,GIG,60,8409,3934,2039,1,360,119,60,1,28,53,119,121,0,2,41,1,170,1264,864,576,7125:5000,904:7500,716:150,525:2500,994:850,512:0,512:0,512:0	,,
1372,GOAT,GOAT,69,11077,3357,2015,1,457,151,44,1,25,62,136,127,1,2,63,7,165,1380,1080,336,7106:5000,7107:2500,713:5000,507:500,510:1000,508:2500,511:5500,512:0	,,
1245,GOBLINE_XMAS,GOBLINE_XMAS,25,1176,282,171,1,118,22,10,10,5,20,63,78,1,7,24,1,100,1120,620,240,998:270,911:1200,756:43,2297:3,1211:10,2104:5,2236:40,4060:1	,,
1122,GOBLIN_1,GOBLIN_1,25,1176,310,188,1,118,22,10,10,5,20,63,78,1,7,24,1,100,1120,620,240,998:270,911:1200,756:43,2297:3,1211:10,2104:5,501:800,4060:1	,,
1123,GOBLIN_2,GOBLIN_2,24,1034,287,176,1,88,12,10,8,5,15,90,48,1,7,23,1,150,1320,620,240,998:250,911:1000,5010:3,1511:10,2104:1,501:550,508:120,4060:1	,,
1124,GOBLIN_3,GOBLIN_3,24,1034,357,176,1,132,33,10,8,5,15,48,48,1,7,25,1,250,1624,624,240,998:230,911:1000,2275:3,512:0,2104:1,501:550,508:120,4060:1	,,
1125,GOBLIN_4,GOBLIN_4,23,1359,264,164,1,109,22,10,16,5,15,59,46,1,7,22,1,200,1624,624,240,992:100,998:170,911:800,2263:3,1508:10,2104:1,501:500,4060:1	,,
1126,GOBLIN_5,GOBLIN_5,22,1952,241,152,1,105,22,10,8,5,15,54,44,1,7,21,1,300,3074,1874,480,998:150,911:800,1605:15,2104:1,508:100,501:500,508:120,4060:1	,,
1258,GOBLIN_ARCHER,GOBLIN_ARCHER,28,1750,461,284,9,89,24,0,25,0,15,100,43,0,7,25,1,200,1172,672,420,2297:3,998:250,911:1000,756:3000,501:600,1705:25,656:150,512:0	,,
1299,GOBLIN_LEADER,GOBLIN_LEADER,64,20152,6036,2184,1,663,89,48,1,16,30,133,119,1,7,24,1,120,1120,620,240,998:1200,999:800,756:120,2297:5,2106:2,503:650,2611:240,7054:1500	,,
1086,GOLDEN_BUG,GOLDEN_BUG,64,126000,14300,7150,1,870,275,60,90,45,45,149,139,2,4,43,9,100,768,768,480,969:1000,1524:150,2246:250,10016:500,714:300,985:2000,984:1500,4128:1	2610:2000,701:1000,512:0
1040,GOLEM,GOLEM,25,3900,465,94,1,175,12,40,60,0,1,40,40,2,0,60,7,300,1608,816,396,999:150,953:5500,912:220,757:61,1003:120,715:200,998:350,4072:3	,,
1369,GRAND_PECO,GRAND_PECO,58,8054,2387,1361,2,444,121,37,1,30,50,129,125,2,2,43,0,165,1460,960,432,7101:5000,522:300,992:1000,969:1,512:0,512:0,512:0,512:0	,,
1277,GREATEST_GENERAL,GREATEST_GENERAL,40,3632,1238,752,3,350,50,15,70,15,55,122,60,1,0,43,1,200,1152,1152,384,7054:2000,1019:2000,1501:100,512:0,2272:1,503:150,609:35,512:0	,,
1080,GREEN_PLANT,GREEN_PLANT,1,10,0,0,1,1,1,100,99,99,1,2,2,0,3,22,2,2000,1,1,1,511:7000,712:1000,621:20,905:3000,906:1500,704:50,521:50,2270:2	,,
1381,GRIZZLY,GRIZZLY,68,11733,3341,2012,1,809,267,44,1,32,58,138,123,2,2,63,0,165,1492,1092,192,948:7500,919:7500,549:2500,512:0,512:0,512:0,512:0,512:0	,,
1259,GRYPHON,GRYPHON,72,27800,5896,4400,1,880,380,35,104,35,65,187,167,2,2,84,1,100,704,504,432,7048:2500,7054:5500,7063:120,1452:1500,757:150,984:185,996:150,1417:1	,,
722,GUILD_FLAG,GUILD_FLAG,17,688,109,71,1,60,11,10,1,0,20,43,34,0,4,22,1,300,1288,288,384,,,,,,,,	,,
1311,GULLINBURSTI,GULLINBURSTI,62,21331,5814,2376,1,699,732,10,1,15,5,132,87,2,2,42,0,150,1960,960,384,1028:3500,656:290,702:6,2276:1,605:15,2627:1,912:160,512:0	,,
1364,G_ASSULTER,G_ASSULTER,59,12853,1,1,2,152,25,35,1,36,35,204,114,1,6,44,0,155,1000,900,432,1019:9000,512:0,512:0,512:0,512:0,512:0,512:0,512:0	,,
1376,HARPY,HARPY,70,16599,3562,2133,1,926,305,42,1,44,67,144,182,1,6,64,0,155,972,672,470,7115:5500,7116:2500,502:1500,503:800,512:0,512:0,512:0,512:0	,,
1318,HEATER,HEATER,68,11020,5688,2359,2,683,325,40,33,42,5,139,115,1,2,43,1,250,1452,483,528,967:4550,7070:750,501:2400,912:1640,526:140,7054:600,1505:2,7068:1250	,,
111,HIDDEN_NPC,HIDDEN_NPC,0,1,0,0,0,0,0,0,0,0,0,0,0,0,0,2,0,200,0,0,0,,,,,,,,	,,
139,HIDDEN_WARP_NPC,HIDDEN_WARP_NPC,0,1,0,0,0,0,0,0,0,0,0,0,0,0,0,0,0,200,0,0,0,,,,,,,,	,,
1213,HIGH_ORC,HIGH_ORC,52,6890,3618,1639,1,428,105,15,45,5,35,134,98,2,7,43,1,150,1500,500,1000,7002:2500,1157:10,999:90,931:7500,912:1300,756:196,502:900,4066:1	,,
1127,HODE,HODE,26,2282,393,248,1,146,31,0,20,30,5,75,52,1,2,42,0,200,1480,480,720,992:120,1055:5500,757:70,938:3000,1001:30,7021:1,632:20,4081:2	,,
1128,HORN,HORN,18,659,134,86,1,58,11,10,12,0,10,65,36,1,4,22,7,200,1528,528,288,992:80,1011:35,947:5500,1452:15,935:5500,943:70,512:0,4045:1	,,
1004,HORNET,HORNET,8,169,19,15,1,22,5,5,2,5,10,25,28,0,4,24,6,150,1292,792,216,993:50,939:5500,909:3500,1208:15,511:350,518:100,512:0,4019:10	,,
1129,HORONG,HORONG,34,1939,786,479,1,275,52,99,80,50,1,84,68,0,0,83,1,400,1888,1152,828,953:6500,912:500,2279:5,1752:10000,757:118,633:20,970:50,4103:1	,,
1284,HUGELING,HUGELING,1,5000,2,1,4,7,3,0,1,0,1,7,2,2,3,21,1,200,1872,672,480,512:100,512:100,512:100,512:100,512:100,512:100,512:100,512:100	,,
1035,HUNTER_FLY,HUNTER_FLY,42,5242,1517,952,1,246,87,25,45,15,15,114,147,0,4,44,1,150,676,576,480,996:30,999:100,943:5500,912:1300,756:129,2259:1,1226:2,4115:1	,,
1068,HYDRA,HYDRA,14,660,59,40,7,22,6,0,1,40,1,54,28,0,3,41,3,1000,800,432,600,1011:25,962:5500,938:1500,971:20,525:5,517:700,512:0,4035:1	,,
1374,INCUBUS,INCUBUS,75,17281,5254,4212,2,1408,465,58,1,46,103,164,172,1,6,67,1,165,850,600,336,522:1500,504:5500,1306:2,2621:1,2610:500,2613:150,504:1200,512:0	,,
1257,INJUSTICE,INJUSTICE,51,7600,2118,1488,1,480,120,0,29,0,1,122,93,1,1,47,1,400,770,720,336,999:300,7054:5500,7053:3500,2313:5,2316:2,512:0,1255:2,512:0	,,
1212,IRON_FIST,IRON_FIST,47,4221,1435,1520,1,430,160,40,80,5,10,128,72,1,4,60,1,200,1500,500,1000,7010:5500,757:229,757:22,1002:750,999:180,998:300,512:0,4068:2	,,
1029,ISIS,ISIS,43,4828,2396,993,1,423,84,10,30,35,30,115,108,2,6,27,1,200,1384,768,336,936:5500,2233:5,2603:1,733:150,732:20,954:1000,731:5,4116:1	,,
1130,JAKK,JAKK,38,3581,1113,688,1,315,67,5,14,30,43,113,76,1,0,43,1,200,1180,480,648,1062:5500,912:900,985:31,2331:5,1008:5,535:1000,512:0,4109:2	,,
1244,JAKK_XMAS,JAKK_XMAS,38,3581,1113,688,1,315,67,5,14,30,43,113,76,1,0,43,1,200,1180,480,648,1062:5500,912:900,985:31,2331:5,1008:5,535:1000,2236:70,4109:2	,,
1131,JOKER,JOKER,57,12450,3706,2362,1,621,117,10,44,35,75,155,200,2,7,84,1,100,1364,864,432,912:2000,616:2,641:20,502:1000,1259:1,984:100,512:0,4139:1	,,
1072,KAHO,KAHO,24,1141,287,176,1,128,28,0,8,50,25,68,48,1,6,83,0,200,1700,1000,500,994:30,1003:100,953:3000,911:1000,757:10,716:100,970:5,512:0	,,
1132,KHALITZBURG,KHALITZBURG,63,19276,4378,2750,1,875,150,45,80,10,5,136,128,2,1,29,1,350,528,1000,396,932:8000,985:191,5017:1,2108:2,1004:10,504:1000,1127:2,4136:1	,,
1294,KILLER_MANTIS,KILLER_MANTIS,56,13183,6509,2366,1,764,163,35,1,20,5,131,82,1,4,22,1,175,1528,660,432,1031:4550,943:2500,721:10,504:5,656:25,2224:3,2108:1,7053:2500	,,
1286,KNIGHT_GUARDIAN,KNIGHT_GUARDIAN,86,30214,1,1,2,1280,280,55,1,30,65,211,126,2,7,80,1,275,1200,1200,384,,,,,,,,	,,
1219,KNIGHT_OF_ABYSS,KNIGHT_OF_ABYSS,79,36140,8469,6268,1,1600,550,55,85,50,25,214,147,2,7,87,1,300,1500,500,1000,1064:5500,7023:5,2318:1,1410:25,1162:1,985:369,984:259,1160:15	,,
1251,KNIGHT_OF_WINDSTORM,KNIGHT_OF_WINDSTORM,77,240000,64350,21450,2,1425,160,35,45,60,55,207,262,2,0,84,1,200,468,468,288,1468:150,603:3000,617:4000,2621:200,2506:500,985:4700,984:3500,5007:1	720:4500,2406:500,995:3000
1133,KOBOLD_1,KOBOLD_1,36,3893,988,625,1,265,53,15,38,10,30,88,126,1,7,44,1,150,1028,528,360,999:100,1034:5500,912:700,757:25,1220:2,2104:5,512:0,4091:1	,,
1134,KOBOLD_2,KOBOLD_2,31,2179,806,407,1,262,62,15,12,10,20,77,62,1,7,45,1,200,1528,528,360,999:100,1034:5500,912:200,2104:3,502:100,2101:100,512:0,4091:1	,,
1135,KOBOLD_3,KOBOLD_3,31,2179,644,407,1,186,30,15,12,10,20,119,62,1,7,43,1,300,1228,528,360,990:35,999:100,1034:5500,912:200,512:0,2104:3,502:100,4091:1	,,
1136,KOBOLD_4,KOBOLD_4,30,3503,481,290,1,168,31,15,12,10,20,80,60,1,7,41,1,200,2200,1000,500,999:50,1034:5500,912:100,1355:5,2104:3,502:100,1301:150,4091:1	,,
1137,KOBOLD_5,KOBOLD_5,30,2462,481,290,1,168,31,15,24,10,20,75,60,1,7,42,1,200,2000,1000,500,999:40,1034:5500,912:100,1514:5,2104:3,502:100,1501:150,4091:1	,,
1282,KOBOLD_ARCHER,KOBOLD_ARCHER,33,2560,739,455,9,155,30,10,37,5,30,133,53,0,7,23,1,200,1008,1008,384,912:250,999:60,1034:5000,512:0,1763:2000,1711:5,756:79,512:0	,,
1296,KOBOLD_LEADER,KOBOLD_LEADER,65,18313,7432,2713,1,649,309,37,1,37,30,142,155,1,7,44,1,150,1028,528,360,999:450,1034:6500,912:1200,1511:6,1613:2,525:150,526:100,7053:1500	,,
1070,KUKRE,KUKRE,11,507,38,28,1,28,9,15,4,0,5,27,22,0,5,21,5,150,1776,576,288,991:30,955:5500,910:400,528:500,507:650,928:450,623:20,4027:5	,,
1366,LAVA_GOLEM,LAVA_GOLEM,77,24324,6470,3879,1,1541,508,65,1,50,70,153,134,2,0,83,0,400,2190,2040,336,7096:5000,7097:3800,2317:1,2316:2,504:2500,512:0,512:0,512:0	,,
1306,LEIB_OLMAI,LEIB_OLMAI,58,24233,6011,2171,1,740,650,27,1,31,5,122,93,2,2,22,1,175,1260,230,192,948:4550,2289:8,740:120,518:500,526:0,969:5,7053:800,512:0	,,
1373,LORD_OF_DEATH,LORD_OF_DEATH,94,303383,131343,43345,3,2430,802,77,1,73,109,194,193,2,6,67,1,180,1446,1296,360,7108:5500,1417:5,607:2500,2621:2,2624:2,1306:1,1529:2,635:1	607:5500,732:5000,617:5000
1063,LUNATIC,LUNATIC,3,60,6,2,1,9,3,0,1,20,10,11,6,0,2,60,0,200,1456,456,336,705:6500,949:1000,2262:4,1102:100,512:600,515:1100,622:20,4006:15	,,
1225,L_CHOCO,L_CHOCO,43,4278,1150,1150,1,315,87,5,20,5,45,108,111,0,2,23,1,200,1500,500,1000,7011:5500,942:7000,508:1900,513:5000,2311:2,532:1000,607:25,4051:2	,,
1227,L_GOBLIN,L_GOBLIN,25,1176,282,171,1,118,22,10,10,5,20,63,88,1,7,24,1,100,1120,620,240,998:270,911:1200,756:43,2297:3,1211:10,2104:5,501:800,4060:1	,,
1222,L_HIGH_ORC,L_HIGH_ORC,52,6890,2128,1490,1,428,105,15,45,5,35,134,98,2,7,43,1,200,1500,500,1000,7002:2500,1157:10,999:120,931:8000,912:1600,756:196,502:1100,4066:1	,,
1226,L_KOBOLD,L_KOBOLD,36,3893,898,568,1,265,53,15,38,10,30,88,126,1,7,44,1,200,1028,528,360,999:90,1034:6000,912:750,985:25,1220:2,2104:5,512:0,4091:1	,,
1223,L_ORC,L_ORC,24,1400,261,160,1,114,22,10,16,5,25,58,48,1,7,22,1,200,1864,864,288,998:210,931:5500,756:40,2267:3,1352:10,1157:5,1301:100,4066:1	,,
1228,L_PHEN,L_PHEN,26,3347,357,226,1,138,12,0,10,15,1,114,52,1,5,41,1,150,2544,1344,1152,1023:6000,963:2300,720:8,517:1100,951:550,756:25,512:0,4077:1	,,
1224,L_POISON_SPORE,L_POISON_SPORE,19,665,169,85,1,89,12,0,6,0,1,43,38,1,3,25,1,200,1672,672,288,921:8000,2221:20,511:650,510:55,972:35,512:0,512:0,4048:2	,,
1138,MAGNOLIA,MAGNOLIA,26,3195,393,248,1,120,31,5,10,30,1,65,52,0,6,21,5,250,1560,360,360,7031:5500,910:800,911:100,912:10,737:20,508:250,512:0,4076:1	,,
1310,MAJORUROS,MAJORUROS,66,57991,8525,3799,1,780,520,10,1,25,50,151,116,2,2,43,1,250,1100,960,780,941:4550,1361:4,657:300,984:16,504:850,2611:160,2607:1,1000:250	,,
1020,MANDRAGORA,MANDRAGORA,12,405,45,32,4,26,9,0,8,25,1,48,24,1,3,62,4,1000,1768,768,576,992:50,905:5500,1405:30,511:350,711:300,706:1,512:0,4030:1	,,
1139,MANTIS,MANTIS,26,2472,393,248,1,118,31,10,40,0,5,71,52,1,4,22,1,200,1528,660,432,992:110,1031:5500,911:1400,757:70,943:250,721:10,501:650,4079:1	,,
1045,MARC,MARC,36,6900,988,625,1,220,60,5,14,10,20,92,72,1,5,41,1,150,1272,72,480,995:18,956:5500,756:95,951:1000,720:10,717:200,509:600,4105:1	,,
1140,MARDUK,MARDUK,40,4214,1238,752,1,315,67,0,16,60,79,118,80,2,7,23,1,300,1540,840,504,994:35,1045:4500,1608:10,2617:1,1614:3,1006:8,642:20,4112:1	,,
1242,MARIN,MARIN,15,742,66,44,1,39,4,0,3,10,5,50,25,1,3,41,0,400,1872,672,480,910:3200,938:1500,7145:50,720:40,510:75,529:350,5035:1,4001:10	,,
1141,MARINA,MARINA,21,2087,218,140,1,84,22,0,8,5,1,57,42,0,3,41,0,400,2280,1080,864,1052:5000,938:1500,991:45,995:2,717:200,631:20,512:0,4055:1	,,
1142,MARINE_SPHERE,MARINE_SPHERE,28,3518,461,284,1,120,200,0,10,40,1,61,56,0,3,41,0,800,1201,1,1,1051:5500,1050:500,1520:10,720:10,717:150,10003:10,512:0,4084:3	,,
1143,MARIONETTE,MARIONETTE,41,3222,1078,1276,1,355,67,0,1,25,44,110,103,0,6,68,1,300,1480,480,1056,1060:5500,1001:5,2605:1,1008:10,1520:15,2407:1,656:200,4113:1	,,
1144,MARSE,MARSE,31,5034,586,370,1,211,41,0,12,5,5,83,62,0,5,41,7,300,1956,756,528,1024:5500,962:3000,717:200,720:10,995:12,1007:5,656:200,4095:2	,,
1145,MARTIN,MARTIN,18,1109,134,86,1,52,11,0,12,5,15,33,36,0,2,42,0,300,1480,480,480,1017:6500,1018:500,1251:10,2225:5,5009:1,10010:10,2224:15,4046:2	,,
1090,MASTERING,MASTERING,2,2415,30,10,1,18,6,0,15,10,1,19,4,1,3,21,13,300,1072,672,480,2257:200,619:50,722:1000,7145:100,512:8000,512:8000,531:4000,4001:100	,,
1146,MATYR,MATYR,31,2585,967,407,1,134,26,0,15,0,5,95,78,1,2,27,1,150,432,432,360,2618:10,528:5000,919:5500,537:400,757:100,656:200,512:0,4097:1	,,
1147,MAYA,MAYA,81,169000,42900,17875,1,1800,270,60,52,25,95,163,178,2,4,82,1,100,864,1000,480,10006:500,2615:200,2234:200,639:500,7020:10,985:3500,984:2500,4146:1	730:2000,603:3000,617:2000
1289,MAYA_PUPLE,MAYA_PUPLE,81,55479,10496,3893,2,1447,553,68,1,48,95,171,171,2,4,82,1,100,1024,1000,480,7053:4550,757:250,756:300,969:100,984:150,985:100,639:50,10006:1	,,
1148,MEDUSA,MEDUSA,79,22408,6876,4697,1,827,273,48,35,38,57,156,153,1,6,40,1,180,1720,1320,360,1048:6000,522:2500,702:200,2610:150,722:250,967:3500,1007:3,4124:1	,,
1274,MEGALITH,MEGALITH,45,5300,1758,1075,9,264,50,50,35,25,5,140,90,2,0,80,1,200,1332,1332,672,912:100,7049:1000,617:1,512:0,512:0,985:61,757:207,512:0	,,
1064,MEGALODON,MEGALODON,24,1648,215,132,1,155,33,0,4,15,1,50,36,1,1,29,0,200,2492,792,432,959:5500,932:1500,510:80,717:120,719:10,603:2,624:20,4067:2	,,
1264,MERMAN,MERMAN,53,12300,3345,2054,2,482,121,10,43,35,15,138,98,1,7,41,1,220,916,816,336,1054:1300,523:300,657:200,720:40,995:35,1460:3,756:203,512:0	,,
1058,METALLER,METALLER,22,926,241,152,1,131,28,15,8,30,20,71,44,1,4,23,8,200,1708,1008,540,990:60,940:6500,911:400,757:49,707:20,935:3000,512:0,4057:1	,,
1237,META_ANDRE,META_ANDRE,17,688,109,71,1,60,11,10,12,0,20,43,34,0,4,22,0,300,1288,288,576,955:6000,910:3000,938:1000,935:3000,1001:6,1002:350,757:28,4043:1	,,
1236,META_ANT_EGG,META_ANT_EGG,4,420,5,4,0,1,1,20,60,20,1,5,5,0,0,60,0,1000,1001,1,1,1010:135,935:2740,909:3000,938:750,713:2000,1002:220,512:0,4018:2	,,
1231,META_CREAMY,META_CREAMY,16,595,96,64,1,53,11,0,6,30,15,32,56,0,4,24,0,200,1220,720,288,924:6000,2322:10,518:180,602:200,2207:4,712:800,512:0,4040:3	,,
1239,META_DENIRO,META_DENIRO,19,760,135,85,1,68,11,15,12,0,20,62,38,0,4,22,0,150,1288,288,576,955:6000,910:3000,938:1200,990:45,1001:8,1002:450,757:34,4043:1	,,
1229,META_FABRE,META_FABRE,2,63,3,2,1,8,3,0,1,0,1,9,4,0,4,22,0,400,1672,672,480,914:6500,949:600,1502:80,721:8,511:750,705:1500,1501:200,4002:15	,,
1232,META_PECOPECO_EGG,META_PECOPECO_EGG,3,420,4,4,0,1,1,20,60,20,1,4,4,0,0,60,0,1000,1001,1,1,1010:120,935:1500,2102:2,501:450,501:450,713:2000,736:15,4007:2	,,
1240,META_PICKY,META_PICKY,3,80,4,3,1,9,3,0,1,0,1,13,6,0,2,23,0,200,988,288,168,916:6500,949:850,2302:150,507:650,519:350,715:60,512:0,4008:2	,,
1241,META_PICKY_,META_PICKY_,4,83,5,4,1,8,3,20,30,0,1,15,7,0,2,23,0,200,988,288,168,916:6500,949:850,5015:7,507:750,519:350,715:60,512:0,4011:10	,,
1238,META_PIERE,META_PIERE,18,733,122,78,1,64,11,15,12,0,20,45,36,0,4,22,0,200,1288,288,576,955:5700,910:1100,938:600,993:15,1001:5,1002:400,757:31,4043:1	,,
1230,META_PUPA,META_PUPA,2,427,2,4,0,1,1,20,15,20,1,3,3,0,4,22,0,1000,1001,1,1,1010:300,915:6000,938:700,2102:2,935:1300,938:700,1002:300,4003:7	,,
1191,MIMIC,MIMIC,51,6120,165,165,1,150,750,10,30,40,60,126,172,1,0,60,1,100,972,500,288,617:5,603:45,1065:1200,611:3000,714:3,2626:1,757:270,2205:120	,,
1292,MINI_DEMON,MINI_DEMON,68,32538,8396,3722,1,1073,341,30,1,25,55,157,143,0,6,27,1,150,1000,600,384,1038:4550,1039:450,2255:6,757:160,912:2500,1009:10,1410:3,7054:2500	,,
1149,MINOROUS,MINOROUS,52,7431,2750,1379,1,590,180,15,18,5,66,104,94,2,2,43,1,200,1360,960,432,941:5500,756:196,1361:2,1005:10,516:1500,1301:200,657:150,4126:1	,,
1059,MISTRESS,MISTRESS,74,212000,39325,27170,1,880,230,40,60,60,95,144,239,0,4,84,1,100,1148,648,300,1413:150,518:10000,2249:250,616:1000,7018:10,985:4400,984:3300,4132:1	996:1500,526:4000,722:3000
1313,MOBSTER,MOBSTER,61,7991,4424,1688,1,910,218,41,1,37,35,137,107,1,7,20,1,250,1100,560,580,1239:3,2601:2,2621:1,716:600,912:2500,525:450,505:60,726:4700	,,
1150,MOONLIGHT,MOONLIGHT,67,120000,27500,14300,1,1200,500,10,50,55,82,162,166,1,6,63,1,150,1276,576,288,5008:1000,1234:100,1525:150,10008:500,638:650,985:2600,984:1900,4131:1	1022:5000,504:1500,728:500
1055,MUKA,MUKA,15,570,72,48,1,40,9,5,12,5,5,35,30,2,3,22,0,300,1960,960,384,992:70,952:5500,713:2000,511:400,507:1000,1451:50,1002:250,4036:2	,,
1041,MUMMY,MUMMY,37,5176,488,314,1,305,55,0,7,10,1,100,56,1,1,49,1,300,1772,72,384,930:5500,756:100,934:550,2604:1,2611:10,525:250,502:450,4106:1	,,
1026,MUNAK,MUNAK,30,2872,361,218,1,180,50,0,6,0,5,76,45,1,1,29,1,200,2468,768,288,901:5500,2264:1,2404:15,609:20,2337:1,2305:100,1558:5,4090:3	,,
1262,MUTANT_DRAGON,MUTANT_DRAGON,65,62600,4730,3536,4,2400,1000,15,25,20,68,110,112,2,9,43,1,250,1280,1080,240,7054:5500,1035:500,1036:500,930:500,2627:30,522:150,505:150,504:250	,,
1151,MYST,MYST,38,3745,1391,688,1,365,80,0,14,40,1,91,76,2,0,25,1,200,1576,576,384,5005:2,1019:800,10005:10,756:65,757:97,605:20,656:35,4108:2	,,
1249,MYSTCASE,MYSTCASE,38,3450,1113,688,1,160,200,5,20,10,5,86,88,1,0,60,0,400,1248,1248,432,530:90,912:1500,603:20,539:800,722:150,731:5,512:100,529:340	,,
1203,MYSTELTAINN,MYSTELTAINN,76,33350,6457,5159,2,1160,280,30,75,30,35,235,215,2,0,87,1,250,1152,500,240,7019:1,1117:100,1152:70,1155:40,1163:2,999:120,984:243,757:215	,,
1220,M_DESERT_WOLF,M_DESERT_WOLF,27,1716,388,242,1,169,39,0,10,10,15,83,54,1,2,23,1,200,1120,420,288,1253:5,919:5500,2311:1,517:1200,920:2000,756:53,512:0,4082:1	,,
1221,M_SAVAGE,M_SAVAGE,26,2092,357,226,1,146,31,10,20,5,10,63,52,2,2,42,1,150,1960,960,384,1028:6000,656:150,702:3,2276:2,605:15,757:70,512:0,4078:1	,,
1255,NERAID,NERAID,40,4120,1126,684,1,325,35,0,35,10,5,104,85,0,2,22,1,200,776,576,288,1055:5500,7053:1000,510:230,717:250,656:250,757:180,985:37,512:0	,,
1061,NIGHTMARE,NIGHTMARE,49,4437,1729,1787,1,447,82,0,1,40,15,113,123,2,6,68,1,150,1816,816,432,944:5500,510:500,2608:2,603:30,505:100,1261:1,984:60,4127:1	,,
1379,NIGHTMARE_TERROR,NIGHTMARE_TERROR,78,22605,6683,4359,1,757,250,37,1,37,60,155,154,2,6,67,1,165,1216,816,432,7120:5500,2626:1,2608:30,505:50,510:150,512:0,512:0,512:0	,,
1180,NINE_TAIL,NINE_TAIL,51,9466,1650,825,1,610,124,10,40,25,1,140,131,1,2,63,1,150,840,540,480,1022:5500,919:7000,603:100,604:100,526:250,525:350,756:100,746:200	,,
1044,OBEAUNE,OBEAUNE,31,3952,644,407,1,141,24,0,12,40,55,105,62,1,5,41,1,200,1872,672,288,995:13,950:5500,5014:1,2326:10,720:10,951:500,748:25,4093:2	,,
1189,ORC_ARCHER,ORC_ARCHER,49,7440,1729,1787,9,310,80,10,30,5,20,174,93,1,7,22,12,300,1960,620,480,1063:5500,1753:1000,1756:2500,1755:2500,1716:2,501:1400,509:900,2330:5	,,
1273,ORC_LADY,ORC_LADY,31,2000,644,407,1,135,35,10,16,10,15,100,73,1,7,42,1,200,1050,900,288,7053:5500,998:300,2602:1,756:40,1352:10,508:900,2338:1,2206:1	,,
1190,ORC_LORD,ORC_LORD,74,393000,62205,8580,1,2700,450,40,40,5,70,184,156,2,7,82,1,100,1248,500,360,1363:200,2601:500,5007:150,2627:1000,512:0,985:4400,984:3100,512:0	968:5500,617:2000,512:0
1152,ORC_SKELETON,ORC_SKELETON,28,2278,315,194,1,190,46,10,5,10,1,58,42,1,1,29,1,200,2420,720,648,922:5500,932:3500,757:80,2299:2,1358:10,506:50,512:0,4085:1	,,
1153,ORC_ZOMBIE,ORC_ZOMBIE,24,1568,196,120,1,151,33,5,4,10,1,48,36,1,1,29,1,400,2852,1152,840,1043:5500,938:3000,714:1,512:0,512:0,512:0,512:0,4071:2	,,
1087,ORK_HERO,ORK_HERO,77,295700,58630,32890,1,2257,285,40,48,45,70,182,168,2,7,42,1,150,1678,780,648,968:10000,10018:500,1366:150,2106:250,1124:1000,985:4700,984:3700,4143:1	725:2000,607:1500,999:5000
1023,ORK_WARRIOR,ORK_WARRIOR,24,1400,261,160,1,104,22,10,16,5,25,58,48,1,7,22,1,200,1864,864,288,998:210,931:5500,756:40,2267:3,1352:10,1157:5,1301:100,4066:1	,,
1038,OSIRIS,OSIRIS,78,415400,71500,28600,1,780,2100,10,24,25,37,164,153,1,1,89,1,100,1072,672,384,617:2000,1232:150,2235:200,1255:600,1009:1000,5053:150,984:3900,4144:1	603:4000,608:3000,751:500
1295,OWL_BARON,OWL_BARON,75,60746,10967,4811,2,1252,358,65,1,25,95,170,100,2,6,60,1,175,1345,824,440,7071:3500,7063:2500,1716:2,1472:1,1402:25,1514:10,5045:5,7054:2500	,,
1320,OWL_DUKE,OWL_DUKE,75,26623,7217,3474,1,715,195,27,1,49,75,154,120,2,6,60,1,195,1345,824,440,7071:4550,7063:1500,1716:1,747:1,1451:3,1513:2,5045:1,7054:1500	,,
1308,PANZER_GOBLIN,PANZER_GOBLIN,59,14130,7212,2697,1,683,195,41,1,28,20,140,119,1,7,44,7,200,960,1008,840,7053:4550,7054:3500,999:180,998:360,1003:580,744:800,994:160,512:0	,,
1154,PASANA,PASANA,61,8289,4087,2135,1,513,169,29,12,35,61,130,134,1,7,43,0,165,976,576,288,7110:4500,7121:2500,757:20,1005:500,1217:150,512:0,512:0,4099:1	,,
1019,PECOPECO,PECOPECO,13,531,85,36,1,35,11,0,4,0,25,40,26,2,2,23,6,200,1564,864,576,925:5500,2402:20,508:50,507:900,1604:100,512:0,512:0,4031:3	,,
1047,PECOPECO_EGG,PECOPECO_EGG,3,420,4,4,0,1,1,20,60,20,1,4,4,0,0,60,2,1000,1001,1,1,1010:250,935:1500,2102:2,501:400,501:400,713:1800,736:10,4007:2	,,
1216,PENOMENA,PENOMENA,57,7256,2870,2200,7,415,150,5,5,50,15,193,62,1,5,25,3,400,832,500,600,7013:5500,962:8000,938:7000,525:200,719:15,1258:1,716:550,4035:1	,,
1314,PERMETER,PERMETER,63,8228,5523,2162,2,943,268,46,71,45,5,132,122,1,2,40,1,250,1100,483,528,967:4550,7070:45,1019:1240,501:2450,912:1240,522:25,605:1,1519:1	,,
1256,PEST,PEST,40,3240,1238,752,1,375,75,0,16,5,5,120,100,0,2,47,1,165,700,648,480,1055:5500,7054:200,702:10,605:100,716:250,512:0,756:115,512:0	,,
1155,PETIT,PETIT,44,6881,1677,1034,1,360,67,30,52,30,55,123,88,1,9,22,1,200,1624,620,384,1035:5500,1037:300,756:140,509:1000,1510:150,912:1500,606:15,4118:1	,,
1156,PETIT_,PETIT_,45,5747,1758,1075,1,300,55,20,38,45,55,118,158,1,9,24,1,150,1420,1080,528,1036:5500,1037:300,985:61,509:1000,602:500,912:1500,606:15,4120:1	,,
1157,PHARAOH,PHARAOH,93,445997,114990,41899,1,2267,748,67,45,70,104,182,186,2,7,67,1,125,868,768,288,7113:6000,7114:2500,1136:100,2327:150,5002:500,1552:300,984:4500,4148:1	1009:5500,526:5000,732:5000
1158,PHEN,PHEN,26,3347,357,226,1,138,12,0,10,15,1,114,52,1,5,41,7,150,2544,1344,1152,1023:5500,963:2000,720:5,517:1000,951:500,756:25,512:0,4077:1	,,
1202,PHENDARK,PHENDARK,73,22729,6826,3443,2,794,262,52,36,36,65,150,135,2,7,40,1,175,1744,1344,600,1015:4000,7017:4,504:800,512:0,984:150,512:0,512:0,512:0	,,
1159,PHREEONI,PHREEONI,69,188000,32175,16445,1,880,650,10,30,20,35,199,154,2,2,60,1,200,1020,1020,288,1015:10000,1223:500,1236:150,1014:5000,2288:300,985:2900,984:2100,4121:1	1008:500,730:1000,7124:4000
1049,PICKY,PICKY,3,80,4,3,1,9,3,0,1,0,5,13,6,0,2,23,0,200,988,288,168,916:6500,949:700,2302:150,507:550,519:300,715:50,512:0,4008:10	,,
1050,PICKY_,PICKY_,4,83,5,4,1,8,3,20,30,0,10,15,7,0,2,23,0,200,988,288,168,916:6500,949:700,5015:10,507:600,519:300,715:50,10012:10,4011:10	,,
1160,PIERE,PIERE,18,733,122,78,1,64,11,15,12,0,20,45,36,0,4,22,8,200,1288,288,576,955:5700,910:1100,938:600,993:15,1001:5,1002:400,757:31,4043:1	,,
1071,PIRATE_SKEL,PIRATE_SKEL,25,1676,233,142,1,145,33,10,5,15,5,50,38,1,1,29,1,200,1754,554,288,932:3000,2287:15,1125:25,2211:250,1104:250,756:43,628:20,4073:1	,,
1161,PLANKTON,PLANKTON,10,354,23,18,1,26,5,0,4,5,1,25,20,0,3,61,0,400,2208,1008,324,1052:5500,910:300,938:700,970:2,713:1000,630:20,645:50,4024:1	,,
1077,POISON_SPORE,POISON_SPORE,19,665,186,93,1,89,12,0,6,0,1,43,38,1,3,25,1,200,1672,672,288,921:5500,2221:20,511:550,510:50,972:30,921:1200,912:5,4048:2	,,
1031,POPORING,POPORING,14,344,81,44,1,59,13,0,4,10,1,33,28,1,3,25,5,300,1672,672,480,938:5500,910:1500,511:500,514:200,729:5,1207:5,7145:50,4033:5	,,
1002,PORING,PORING,1,50,2,1,1,7,3,0,1,5,1,7,2,1,3,21,5,400,1872,672,480,909:7000,1202:100,938:400,512:1000,713:1500,7145:50,619:20,4001:20	,,
1062,PORING_,PORING_,3,69,4,5,1,12,4,0,1,0,10,15,17,1,3,26,5,400,1672,672,480,529:2000,530:1000,507:1000,512:1000,2236:100,7145:50,512:0,4005:1	,,
1234,PROVOKE_YOYO,PROVOKE_YOYO,19,879,135,85,1,71,11,0,12,0,35,51,43,0,2,22,1,200,1054,54,384,942:6000,513:2000,508:130,919:5500,753:7,512:0,512:0,4051:1	,,
1199,PUNK,PUNK,43,3620,1699,1033,1,292,73,0,1,45,45,108,148,0,3,24,1,300,1500,500,1000,7001:5500,715:800,1001:300,1061:1000,1057:3000,601:1100,10004:10,2502:15	,,
1008,PUPA,PUPA,2,427,2,4,0,1,1,0,15,20,1,3,3,0,4,22,2,1000,1001,1,1,1010:80,915:5500,938:600,2102:2,935:1000,938:600,1002:200,4003:7	,,
1162,RAFFLESIA,RAFFLESIA,27,1950,388,242,1,15,105,54,20,1,1,28,28,0,3,22,1,200,3652,2652,1056,1033:5500,911:1600,706:2,708:10,703:10,711:550,509:30,4083:1	,,
1254,RAGGLER,RAGGLER,21,1020,218,140,1,102,11,0,10,5,20,60,31,0,2,24,1,200,1000,900,384,7053:3000,916:5000,645:200,656:100,993:90,2225:7,756:32,7054:1500	,,
1163,RAYDRIC,RAYDRIC,52,8613,3410,1795,1,830,100,40,75,15,5,121,99,2,7,47,1,150,824,780,420,985:106,2266:1,2315:2,1158:2,1116:100,1004:10,7054:5500,4133:1	,,
1276,RAYDRIC_ARCHER,RAYDRIC_ARCHER,52,5250,3025,2125,9,415,85,35,16,5,5,197,77,1,6,47,1,200,1152,1152,480,7054:5500,512:0,2315:2,1701:150,1764:2000,1715:3,985:106,512:0	,,
1085,RED_MUSHROOM,RED_MUSHROOM,1,15,0,0,1,1,1,100,99,99,1,2,2,0,3,22,2,2000,1,1,1,970:50,972:50,630:20,949:2000,990:1000,921:5500,1069:5500,1070:5500	,,
1078,RED_PLANT,RED_PLANT,1,10,0,0,1,1,1,100,99,99,1,2,2,0,3,22,2,2000,1,1,1,507:5500,712:1000,711:1000,905:500,906:300,914:500,708:50,2269:2	,,
1164,REQUIEM,REQUIEM,35,3089,800,458,1,220,52,0,18,15,5,92,88,1,7,27,1,400,1516,816,432,603:35,714:1,912:2500,958:3500,934:1500,2308:10,512:0,4104:1	,,
1195,RIDEWORD,RIDEWORD,59,11638,2007,3106,1,584,220,5,15,35,20,179,134,0,0,60,1,150,864,500,192,1097:5500,1553:4,1554:4,1555:2,1556:2,7015:300,1006:20,722:5	,,
1052,ROCKER,ROCKER,9,198,20,16,1,24,5,5,4,10,10,23,18,1,4,22,0,200,1864,864,540,940:5000,909:5500,2298:4,1402:80,520:10,752:5,703:2,4021:10	,,
1012,RODA_FROG,RODA_FROG,5,133,6,5,1,11,3,0,2,5,5,15,10,1,5,21,0,200,2016,816,288,918:5500,908:500,511:300,721:7,713:2000,512:0,512:0,4014:5	,,
1392,ROTAR_ZAIRO,ROTAR_ZAIRO,25,1209,351,215,10,109,28,4,1,34,26,80,87,2,0,44,1,155,2416,2016,432,7126:500,2312:1,2309:1,999:450,984:1,912:2500,910:5500,7053:1000	,,
1201,RYBIO,RYBIO,71,9572,6317,3520,1,686,226,45,23,37,74,148,168,2,6,40,1,200,1790,1440,540,1015:4000,7017:3,504:800,731:30,1008:10,984:100,512:0,512:0	,,
1281,SAGEWORM,SAGEWORM,43,3850,1155,1320,1,120,160,0,1,50,88,122,95,0,2,60,7,200,936,936,288,912:1200,1097:1000,1055:3000,2241:5,505:40,512:1000,5012:1,1550:15	,,
1165,SAND_MAN,SAND_MAN,34,3413,810,492,1,180,25,10,24,25,38,94,68,1,0,62,1,250,1672,720,288,997:35,1056:5500,757:118,1003:200,1001:200,1257:1,728:2,4101:1	,,
1243,SASQUATCH,SASQUATCH,30,3163,529,319,1,250,30,5,20,0,10,64,55,2,2,60,1,300,1260,192,192,912:750,509:800,949:1000,5030:1,948:5000,727:30,757:90,4074:1	,,
1166,SAVAGE,SAVAGE,26,2092,357,226,1,120,30,10,20,5,10,63,52,2,2,42,7,150,1960,960,384,1028:5500,656:150,702:2,2276:1,605:10,757:70,526:1,4078:1	,,
1167,SAVAGE_BABE,SAVAGE_BABE,7,182,14,12,1,20,5,0,4,0,5,19,14,0,2,22,0,400,1624,624,576,919:5500,1302:100,517:500,1750:1000,949:850,1010:80,627:20,4017:1	,,
1001,SCORPION,SCORPION,24,1109,287,176,1,80,55,30,35,0,5,76,48,0,4,23,7,200,1564,864,576,990:70,904:5500,757:57,943:210,511:100,508:200,625:20,4068:1	,,
1168,SCORPION_KING,SCORPION_KING,50,6354,2187,1346,1,500,103,40,40,10,1,133,100,2,7,23,13,200,1700,1000,500,994:45,1046:5500,1005:15,904:5000,943:3000,504:700,512:0,4130:1	,,
1323,SEE_OTTER,SEE_OTTER,59,9999,4267,2040,1,650,163,33,41,35,25,141,95,1,2,61,0,190,1132,583,532,722:150,965:5500,7065:4500,725:50,726:50,746:650,7053:1200,512:0	,,
1074,SHELLFISH,SHELLFISH,15,920,66,44,1,35,7,35,90,0,1,47,27,0,5,21,0,200,864,864,384,965:5500,966:1000,7049:500,1056:1000,1001:10,512:0,757:18,512:0	,,
1083,SHINING_PLANT,SHINING_PLANT,1,20,0,0,1,1,1,100,99,99,1,2,2,0,3,26,2,2000,1,1,1,510:5500,508:1000,509:1000,710:5,608:20,518:500,607:50,714:1	,,
1037,SIDE_WINDER,SIDE_WINDER,43,4929,1996,993,1,240,80,5,16,10,15,158,86,1,2,25,1,200,1576,576,576,954:5500,912:1400,756:134,1120:2,937:2500,926:5000,509:1000,4117:1	,,
1076,SKELETON,SKELETON,10,234,18,14,1,39,8,10,2,10,1,22,15,1,1,29,1,200,2228,528,576,1010:90,932:800,1505:80,909:3000,507:850,2609:30,512:0,4025:7	,,
1290,SKELETON_GENERAL,SKELETON_GENERAL,73,17402,8170,3370,1,910,179,25,1,25,20,150,98,1,1,29,1,150,2276,576,432,7068:2550,756:160,503:800,1220:35,1219:80,1222:3,512:0,2274:1	,,
1196,SKEL_PRISONER,SKEL_PRISONER,52,8691,2466,1562,1,660,230,10,14,20,1,128,72,1,1,69,12,350,1848,500,576,1098:3500,7016:100,2320:1,716:600,930:3500,2408:35,934:1500,2282:1	,,
1169,SKEL_WORKER,SKEL_WORKER,30,2872,397,240,1,242,46,0,6,15,5,72,45,1,1,29,1,400,2420,720,384,998:400,1041:5500,757:90,5009:2,999:100,1003:200,1002:800,4092:1	,,
1386,SLEEPER,SLEEPER,67,8237,3603,2144,1,593,196,49,1,35,57,142,115,1,0,42,0,195,1350,1200,432,7124:5500,1056:5500,997:4500,756:300,1226:5,1222:20,512:0,512:0	,,
1056,SMOKIE,SMOKIE,18,641,134,86,1,61,11,0,12,10,25,44,36,0,2,22,7,200,1576,576,420,945:5500,919:5500,516:800,2213:1,754:2,912:5,729:2,4044:1	,,
1235,SMOKING_ORC,SMOKING_ORC,24,1400,261,160,1,114,22,10,16,20,20,58,48,1,7,22,1,200,1864,864,288,998:210,931:5500,756:40,2267:3,1352:10,1157:5,1301:100,4066:1	,,
1025,SNAKE,SNAKE,15,471,72,48,1,46,9,0,12,0,10,50,30,1,2,22,1,200,1576,576,576,926:5500,1117:15,507:900,1011:35,937:800,954:1,512:0,4037:1	,,
1170,SOHEE,SOHEE,33,5628,739,455,1,210,41,0,20,10,10,91,66,1,6,21,7,250,2112,912,576,1020:5500,1049:50,2277:1,2504:5,1217:5,501:1000,512:0,4100:1	,,
1171,SOLDIER_ANDRE,SOLDIER_ANDRE,22,1245,219,138,1,105,22,20,20,0,20,62,44,0,4,42,0,200,1001,1,1,1014:2700,911:800,757:10,1111:15,1001:30,943:150,512:0,4059:1	,,
1172,SOLDIER_DENIRO,SOLDIER_DENIRO,29,2047,450,274,1,162,31,20,20,0,20,83,58,0,4,42,0,200,2000,1000,500,1014:5500,911:2000,757:15,1111:20,943:270,1001:50,512:0,4059:1	,,
1287,SOLDIER_GUARDIAN,SOLDIER_GUARDIAN,56,15670,1,1,1,873,163,35,1,0,45,159,112,0,4,22,0,265,1288,288,384,,,,,,,,	,,
1173,SOLDIER_PIERE,SOLDIER_PIERE,23,1217,240,149,1,109,22,25,20,0,20,61,46,0,4,42,0,200,1001,1,1,1014:3100,911:800,911:10,1114:15,1001:35,943:200,512:0,4059:1	,,
1028,SOLDIER_SKELETON,SOLDIER_SKELETON,29,2334,372,226,1,221,24,10,5,15,5,69,44,1,1,29,1,200,2276,576,432,932:5500,756:60,1214:12,501:700,934:10,1201:150,1216:50,4025:1	,,
1316,SOLIDER,SOLIDER,70,12099,5596,2187,2,797,182,57,25,43,5,144,105,1,2,42,1,250,1452,483,528,967:4550,7070:64,7067:850,502:2100,912:1240,518:850,1519:1,512:0	,,
1014,SPORE,SPORE,9,327,22,17,1,24,5,0,2,5,1,23,18,1,3,21,0,200,1872,672,288,921:5000,507:800,510:50,743:5,2220:40,921:5,512:0,4022:5	,,
1322,SPRING_RABBIT,SPRING_RABBIT,58,9045,3982,1766,1,585,228,29,1,21,15,135,119,1,2,42,5,160,1120,552,511,7054:3500,7053:2500,949:2500,511:800,508:800,510:200,509:800,512:0	,,
1174,STAINER,STAINER,16,538,105,70,1,53,11,10,6,0,5,46,56,0,4,24,7,200,1688,1188,612,993:60,1011:30,1013:5500,910:2100,757:25,943:10,1002:300,4039:1	,,
1278,STALACTIC_GOLEM,STALACTIC_GOLEM,60,18700,3872,2695,1,950,180,50,47,5,5,135,105,2,0,80,7,200,1264,864,288,7004:2000,7054:5500,1000:250,997:30,757:250,512:0,985:163,512:0	,,
1280,STEAM_GOBLIN,STEAM_GOBLIN,35,2490,864,495,1,234,35,20,25,5,15,110,94,1,7,44,1,200,1008,1008,528,911:2500,7053:4000,998:300,999:55,1003:320,1003:320,757:124,744:2	,,
1042,STEEL_CHONCHON,STEEL_CHONCHON,17,530,109,71,1,54,11,15,6,0,5,50,60,0,4,24,18,150,1076,576,480,993:70,999:30,910:2400,935:3500,943:30,998:200,1002:400,4042:1	,,
1215,STEM_WORM,STEM_WORM,40,6136,1452,939,2,290,85,5,35,10,15,119,70,1,3,24,1,200,1500,500,1000,7012:5500,509:1800,912:1200,756:115,997:5,1454:20,608:45,4034:5	,,
1207,STING,STING,61,9500,4081,2970,1,850,182,5,5,30,5,181,106,1,0,62,1,300,528,500,240,7004:5500,1756:1500,2624:1,1003:130,997:25,10007:10,2209:350,719:3	,,
1065,STROUF,STROUF,40,9952,1238,752,1,200,150,5,42,50,72,83,80,2,5,61,1,150,1872,672,384,951:5500,756:115,2241:2,1461:2,949:3000,720:20,956:1500,4111:1	,,
1370,SUCCUBUS,SUCCUBUS,85,16955,5357,4322,2,1268,418,54,1,48,103,174,182,1,6,67,1,155,1306,1056,288,522:1500,2407:3,2611:500,2613:150,2601:2,1472:1,505:1000,512:0	,,
1187,SWITCH,SWITCH,1,2,1,1,1,1,1,0,1,0,1,2,2,1,0,20,1,1,1,1,1,,,,,,,,	,,
1069,SWORD_FISH,SWORD_FISH,30,4299,529,319,1,168,31,5,24,20,41,92,60,2,5,41,1,200,1968,768,384,995:10,963:5500,756:33,2257:2,757:45,1117:25,956:600,4089:1	,,
1175,TAROU,TAROU,11,284,57,28,1,34,11,0,5,0,10,35,31,0,2,27,7,150,1744,1044,684,1016:5500,919:3000,949:800,528:1000,701:1,512:0,512:0,4028:5	,,
1034,THARA_FROG,THARA_FROG,22,2152,219,138,1,105,22,0,8,10,5,56,44,1,5,41,0,200,2016,816,288,1011:45,908:5500,911:600,509:30,725:5,918:2000,512:0,4058:1	,,
1375,THE_PAPER,THE_PAPER,56,18557,2849,1998,1,845,279,25,1,24,76,127,122,1,0,60,0,170,1160,960,336,7111:5500,7112:3200,503:800,511:2000,512:0,512:0,512:0,512:0	,,
1051,THIEF_BUG,THIEF_BUG,6,126,17,5,1,18,6,5,2,0,1,17,12,0,4,60,8,150,1288,288,768,955:2500,2304:80,507:350,909:2000,2303:120,1002:250,512:0,4016:10	,,
1053,THIEF_BUG_,THIEF_BUG_,10,170,35,18,1,33,7,5,5,5,5,33,25,1,4,27,18,200,988,288,768,955:3500,910:250,1108:15,928:200,507:400,716:50,1002:300,4026:7	,,
1048,THIEF_BUG_EGG,THIEF_BUG_EGG,4,48,8,4,0,13,4,20,1,0,1,18,10,0,4,27,2,1000,701,1,1,1010:300,915:5000,2102:2,938:600,716:100,737:10,1002:250,4012:7	,,
1054,THIEF_BUG__,THIEF_BUG__,19,583,223,93,1,76,12,15,8,5,5,55,48,1,4,27,18,300,988,288,768,1011:40,928:5500,955:1500,1152:10,508:90,729:5,1116:50,4050:1	,,
1182,THIEF_MUSHROOM,THIEF_MUSHROOM,1,15,0,0,1,1,1,100,99,99,1,2,2,0,3,22,2,2000,1,1,1,1069:1500,1070:3000,512:0,512:0,512:0,512:0,512:0,512:0	,,
1204,TIRFING,TIRFING,71,29900,5412,4235,1,950,196,30,60,35,35,203,158,1,0,67,1,100,816,500,240,7022:1,638:50,1211:100,1214:70,1217:40,999:120,984:189,1157:25	,,
1089,TOAD,TOAD,10,5065,100,50,1,26,6,0,4,0,10,20,15,1,5,21,13,200,1236,336,432,2244:50,518:2000,729:1000,746:1500,970:100,971:100,512:0,4014:5	,,
1324,TREASURE_BOX1,TREASURE_BOX1,99,1,0,0,0,0,0,0,1,0,1,1098,100,0,0,0,1,0,0,0,0,732:8000,608:3000,607:2500,2504:800,2404:800,2315:800,2104:800,616:1000	,,
1333,TREASURE_BOX10,TREASURE_BOX10,99,1,0,0,0,0,0,0,1,0,1,1098,100,0,0,0,1,0,0,0,0,7077:80,635:500,604:10000,984:5000,985:7500,2104:500,2331:150,2623:10	,,
1334,TREASURE_BOX11,TREASURE_BOX11,99,1,0,0,0,0,0,0,1,0,1,1098,100,0,0,0,1,0,0,0,0,732:8000,608:3000,607:2500,2504:800,2404:800,2315:800,2104:800,616:1000	,,
1335,TREASURE_BOX12,TREASURE_BOX12,99,1,0,0,0,0,0,0,1,0,1,1098,100,0,0,0,1,0,0,0,0,7078:80,635:500,604:10000,984:5000,985:7500,2270:500,1716:150,2256:10	,,
1336,TREASURE_BOX13,TREASURE_BOX13,99,1,0,0,0,0,0,0,1,0,1,1098,100,0,0,0,1,0,0,0,0,732:8000,608:3000,607:2500,2504:800,2404:800,2315:800,2104:800,616:1000	,,
1337,TREASURE_BOX14,TREASURE_BOX14,99,1,0,0,0,0,0,0,1,0,1,1098,100,0,0,0,1,0,0,0,0,7079:80,635:500,604:10000,984:5000,985:7500,1238:375,1531:150,2318:10	,,
1338,TREASURE_BOX15,TREASURE_BOX15,99,1,0,0,0,0,0,0,1,0,1,1098,100,0,0,0,1,0,0,0,0,732:8000,608:3000,607:2500,2504:800,2404:800,2315:800,2104:800,616:1000	,,
1339,TREASURE_BOX16,TREASURE_BOX16,99,1,0,0,0,0,0,0,1,0,1,1098,100,0,0,0,1,0,0,0,0,7080:80,635:500,604:10000,984:5000,985:7500,2626:300,1472:167,2327:10	,,
1340,TREASURE_BOX17,TREASURE_BOX17,99,1,0,0,0,0,0,0,1,0,1,1098,100,0,0,0,1,0,0,0,0,732:8000,608:3000,607:2500,2504:800,2404:800,2315:800,2104:800,616:1000	,,
1341,TREASURE_BOX18,TREASURE_BOX18,99,1,0,0,0,0,0,0,1,0,1,1098,100,0,0,0,1,0,0,0,0,7081:80,635:500,604:10000,984:5000,985:7500,1143:250,1237:188,2235:12	,,
1342,TREASURE_BOX19,TREASURE_BOX19,99,1,0,0,0,0,0,0,1,0,1,1098,100,0,0,0,1,0,0,0,0,732:8000,608:3000,607:2500,2504:800,2404:800,2315:800,2104:800,616:1000	,,
1325,TREASURE_BOX2,TREASURE_BOX2,99,1,0,0,0,0,0,0,1,0,1,1098,100,0,0,0,1,0,0,0,0,7073:80,635:500,604:10000,984:5000,985:7500,1239:1500,2252:75,1165:8	,,
1343,TREASURE_BOX20,TREASURE_BOX20,99,1,0,0,0,0,0,0,1,0,1,1098,100,0,0,0,1,0,0,0,0,7082:80,635:500,604:10000,984:5000,985:7500,617:250,1144:188,5007:19	,,
1344,TREASURE_BOX21,TREASURE_BOX21,99,1,0,0,0,0,0,0,1,0,1,1098,100,0,0,0,1,0,0,0,0,732:8000,608:3000,607:2500,2504:800,2404:800,2315:800,2104:800,616:1000	,,
1345,TREASURE_BOX22,TREASURE_BOX22,99,1,0,0,0,0,0,0,1,0,1,1098,100,0,0,0,1,0,0,0,0,7083:80,635:500,604:10000,984:5000,985:7500,2508:1000,2336:69,2621:20	,,
1346,TREASURE_BOX23,TREASURE_BOX23,99,1,0,0,0,0,0,0,1,0,1,1098,100,0,0,0,1,0,0,0,0,732:8000,608:3000,607:2500,2504:800,2404:800,2315:800,2104:800,616:1000	,,
1347,TREASURE_BOX24,TREASURE_BOX24,99,1,0,0,0,0,0,0,1,0,1,1098,100,0,0,0,1,0,0,0,0,7084:80,635:500,604:10000,984:5000,985:7500,2106:1000,1164:50,5025:24	,,
1348,TREASURE_BOX25,TREASURE_BOX25,99,1,0,0,0,0,0,0,1,0,1,1098,100,0,0,0,1,0,0,0,0,732:8000,608:3000,607:2500,2504:800,2404:800,2315:800,2104:800,616:1000	,,
1349,TREASURE_BOX26,TREASURE_BOX26,99,1,0,0,0,0,0,0,1,0,1,1098,100,0,0,0,1,0,0,0,0,7085:80,635:500,604:10000,984:5000,985:7500,2231:750,2624:46,2286:25	,,
1350,TREASURE_BOX27,TREASURE_BOX27,99,1,0,0,0,0,0,0,1,0,1,1098,100,0,0,0,1,0,0,0,0,732:8000,608:3000,607:2500,2504:800,2404:800,2315:800,2104:800,616:1000	,,
1351,TREASURE_BOX28,TREASURE_BOX28,99,1,0,0,0,0,0,0,1,0,1,1098,100,0,0,0,1,0,0,0,0,7086:80,635:500,604:10000,984:5000,985:7500,2238:500,2615:41,2234:32	,,
1352,TREASURE_BOX29,TREASURE_BOX29,99,1,0,0,0,0,0,0,1,0,1,1098,100,0,0,0,1,0,0,0,0,732:8000,608:3000,607:2500,2504:800,2404:800,2315:800,2104:800,616:1000	,,
1326,TREASURE_BOX3,TREASURE_BOX3,99,1,0,0,0,0,0,0,1,0,1,1098,100,0,0,0,1,0,0,0,0,732:8000,608:3000,607:2500,2504:800,2404:800,2315:800,2104:800,616:1000	,,
1353,TREASURE_BOX30,TREASURE_BOX30,99,1,0,0,0,0,0,0,1,0,1,1098,100,0,0,0,1,0,0,0,0,7087:80,635:500,604:10000,984:5000,985:7500,2507:500,2625:38,5045:34	,,
1354,TREASURE_BOX31,TREASURE_BOX31,99,1,0,0,0,0,0,0,1,0,1,1098,100,0,0,0,1,0,0,0,0,732:8000,608:3000,607:2500,2504:800,2404:800,2315:800,2104:800,616:1000	,,
1355,TREASURE_BOX32,TREASURE_BOX32,99,1,0,0,0,0,0,0,1,0,1,1098,100,0,0,0,1,0,0,0,0,7088:80,635:500,604:10000,984:5000,985:7500,2407:429,2269:250,2317:35	,,
1356,TREASURE_BOX33,TREASURE_BOX33,99,1,0,0,0,0,0,0,1,0,1,1098,100,0,0,0,1,0,0,0,0,732:8000,608:3000,607:2500,2504:800,2404:800,2315:800,2104:800,616:1000	,,
1357,TREASURE_BOX34,TREASURE_BOX34,99,1,0,0,0,0,0,0,1,0,1,1098,100,0,0,0,1,0,0,0,0,7089:80,635:500,604:10000,984:5000,985:7500,2109:300,2406:273,2258:38	,,
1358,TREASURE_BOX35,TREASURE_BOX35,99,1,0,0,0,0,0,0,1,0,1,1098,100,0,0,0,1,0,0,0,0,732:8000,608:3000,607:2500,2504:800,2404:800,2315:800,2104:800,616:1000	,,
1359,TREASURE_BOX36,TREASURE_BOX36,99,1,0,0,0,0,0,0,1,0,1,1098,100,0,0,0,1,0,0,0,0,7090:80,635:500,604:10000,984:5000,985:7500,1142:215,2255:60,5017:38	,,
1360,TREASURE_BOX37,TREASURE_BOX37,99,1,0,0,0,0,0,0,1,0,1,1098,100,0,0,0,1,0,0,0,0,732:8000,608:3000,607:2500,2504:800,2404:800,2315:800,2104:800,616:1000	,,
1361,TREASURE_BOX38,TREASURE_BOX38,99,1,0,0,0,0,0,0,1,0,1,1098,100,0,0,0,1,0,0,0,0,7091:80,635:500,604:10000,984:5000,985:7500,1417:50,5053:50,2229:50	,,
1362,TREASURE_BOX39,TREASURE_BOX39,99,1,0,0,0,0,0,0,1,0,1,1098,100,0,0,0,1,0,0,0,0,732:8000,608:3000,607:2500,2504:800,2404:800,2315:800,2104:800,616:1000	,,
1327,TREASURE_BOX4,TREASURE_BOX4,99,1,0,0,0,0,0,0,1,0,1,1098,100,0,0,0,1,0,0,0,0,7074:80,635:500,604:10000,984:5000,985:7500,2108:1000,1306:75,5022:8	,,
1363,TREASURE_BOX40,TREASURE_BOX40,99,1,0,0,0,0,0,0,1,0,1,1098,100,0,0,0,1,0,0,0,0,7092:80,635:500,604:10000,984:5000,985:7500,2506:43,2254:43,1529:38	,,
1328,TREASURE_BOX5,TREASURE_BOX5,99,1,0,0,0,0,0,0,1,0,1,1098,100,0,0,0,1,0,0,0,0,732:8000,608:3000,607:2500,2504:800,2404:800,2315:800,2104:800,616:1000	,,
1329,TREASURE_BOX6,TREASURE_BOX6,99,1,0,0,0,0,0,0,1,0,1,1098,100,0,0,0,1,0,0,0,0,7075:80,635:500,604:10000,984:5000,985:7500,2102:834,5019:100,5002:9	,,
1330,TREASURE_BOX7,TREASURE_BOX7,99,1,0,0,0,0,0,0,1,0,1,1098,100,0,0,0,1,0,0,0,0,732:8000,608:3000,607:2500,2504:800,2404:800,2315:800,2104:800,616:1000	,,
1331,TREASURE_BOX8,TREASURE_BOX8,99,1,0,0,0,0,0,0,1,0,1,1098,100,0,0,0,1,0,0,0,0,7076:80,635:500,604:10000,984:5000,985:7500,2616:500,2334:125,2622:9	,,
1332,TREASURE_BOX9,TREASURE_BOX9,99,1,0,0,0,0,0,0,1,0,1,1098,100,0,0,0,1,0,0,0,0,732:8000,608:3000,607:2500,2504:800,2404:800,2315:800,2104:800,616:1000	,,
1279,TRI_JOINT,TRI_JOINT,32,2300,386,220,1,178,28,20,27,5,10,99,80,0,4,22,1,200,860,660,624,7053:100,943:380,606:200,992:160,1001:140,512:0,757:106,512:0	,,
1075,TURTLE,TURTLE,3,77,0,0,1,1,1,35,75,0,1,4,4,0,5,22,1,200,500,500,500,512:0,512:0,512:0,512:0,512:0,512:0,512:0,512:0	,,
1312,TURTLE_GENERAL,TURTLE_GENERAL,97,320700,18202,9800,2,2438,1040,50,250,54,65,202,142,2,2,42,1,200,900,1000,500,1529:8,1306:5,512:0,1417:9,7070:5500,512:0,912:5500,635:1	967:5500,607:1500,617:2000
1066,VADON,VADON,19,1017,135,85,1,74,11,20,30,0,10,55,38,0,5,21,7,300,1632,432,540,991:35,960:5500,910:3000,2313:5,943:100,757:34,717:50,4049:1	,,
1092,VAGABOND_WOLF,VAGABOND_WOLF,24,12240,247,176,1,135,24,10,30,0,20,74,69,1,2,22,13,150,1048,648,432,2248:200,920:8000,728:1500,919:5500,517:8000,725:10,626:50,4029:40	,,
1032,VERIT,VERIT,38,5272,835,517,1,389,80,0,7,5,1,76,57,1,1,29,9,250,2468,768,480,929:5500,912:700,930:1100,509:550,2609:1,2612:200,639:20,4107:1	,,
1390,VIOLY,VIOLY,75,18257,6353,3529,10,738,244,37,1,36,58,176,168,1,7,40,7,170,1356,1056,540,1060:6500,1610:50,740:1200,2610:800,526:1400,512:0,512:0,512:0	,,
1176,VITATA,VITATA,20,894,163,101,1,69,11,15,16,20,65,60,40,0,4,22,7,300,1768,768,384,992:90,955:5000,911:200,518:350,518:350,526:200,756:26,4053:1	,,
1088,VOCAL,VOCAL,18,3016,110,88,1,71,11,10,12,30,30,71,46,1,4,22,13,200,1080,648,480,2247:50,940:8000,721:1000,752:1500,912:5500,645:700,532:3000,4021:60	,,
1208,WANDER_MAN,WANDER_MAN,74,8170,5786,4730,2,450,100,5,15,5,45,201,266,1,6,24,1,100,672,500,192,7005:5500,616:1,1164:1,2270:5,610:650,984:217,608:3,732:1	,,
45,WARPNPC,WARPNPC,0,1,0,0,0,0,0,0,0,0,0,0,0,0,0,20,0,200,0,0,0,,,,,,,,	,,
1179,WHISPER,WHISPER,34,1796,591,599,1,180,41,0,1,45,1,94,85,0,6,68,1,150,1960,960,504,1001:150,1059:5500,2282:1,2333:10,512:0,512:0,512:0,4102:1	,,
1185,WHISPER_,WHISPER_,34,1796,537,545,1,198,41,0,1,45,1,94,85,0,1,28,1,150,1960,960,504,1001:10,1059:100,2282:0,2333:1,512:0,512:0,512:0,4102:0	,,
1186,WHISPER_BOSS,WHISPER_BOSS,34,5040,537,545,1,198,41,0,1,45,1,94,85,0,6,48,13,250,2536,1536,672,1001:150,1059:5500,2282:1,2333:10,512:0,512:0,512:0,4102:1	,,
1082,WHITE_PLANT,WHITE_PLANT,1,10,0,0,1,1,1,100,99,99,1,2,2,0,3,22,2,2000,1,1,1,509:5500,712:1000,631:20,905:3000,906:1500,521:50,703:50,2269:2	,,
1261,WILD_ROSE,WILD_ROSE,38,2980,1113,688,1,315,45,0,42,15,35,103,123,0,2,24,5,100,964,864,288,7053:6000,748:50,522:120,1767:3000,624:35,528:600,2244:2,512:0	,,
1010,WILOW,WILOW,4,95,5,4,1,9,3,5,1,15,30,13,8,1,3,22,0,200,1672,672,432,902:6500,1019:100,907:1500,516:700,1068:3500,1067:2000,1066:1000,4010:7	,,
1263,WIND_GHOST,WIND_GHOST,51,4820,2118,1488,2,489,150,0,65,45,90,136,140,1,6,64,1,150,1056,1056,336,912:5000,932:6000,7005:500,1610:25,1611:8,996:100,1615:1,512:0	,,
1013,WOLF,WOLF,12,405,45,32,1,37,9,0,8,0,15,42,24,1,2,22,10,200,1054,54,432,1011:20,920:5500,2308:10,517:650,528:1050,919:5500,512:0,4029:5	,,
1024,WORM_TAIL,WORM_TAIL,14,426,59,40,2,42,9,5,8,0,5,60,28,1,3,22,7,200,1048,48,192,992:60,1011:25,906:5500,1408:30,508:70,721:5,10015:10,4034:5	,,
1192,WRAITH,WRAITH,53,10999,2199,1099,1,580,180,5,15,30,5,148,148,2,1,89,12,300,1816,576,240,1059:6500,2206:10,2506:2,716:650,602:1300,2505:10,731:5,735:10	,,
1291,WRAITH_DEAD,WRAITH_DEAD,74,43021,10341,3618,2,1366,260,25,1,30,65,189,173,2,1,89,1,175,1816,576,240,1059:4550,2206:10,2506:8,716:700,732:5,717:850,657:150,603:100	,,
1081,YELLOW_PLANT,YELLOW_PLANT,1,10,0,0,1,1,1,100,99,99,1,2,2,0,3,22,2,2000,1,1,1,508:5500,712:1000,711:1000,905:500,906:300,707:5,914:500,2269:2	,,
1057,YOYO,YOYO,19,879,148,93,1,71,11,0,12,0,35,51,43,0,2,22,18,200,1054,54,384,942:5500,513:1500,508:100,919:5000,753:5,756:24,512:0,4051:1	,,
1177,ZENORC,ZENORC,31,2585,967,407,1,188,35,0,15,15,1,107,108,1,7,27,5,150,1180,480,360,1044:5500,756:70,938:2500,1006:5,503:50,640:20,512:0,4096:1	,,
1178,ZEROM,ZEROM,23,1109,240,149,1,127,28,0,8,10,5,65,46,1,7,23,1,200,1780,1080,432,1011:55,998:190,2339:200,2265:3,2408:10,1002:300,1002:300,4064:1	,,
1200,ZHERLTHSH,ZHERLTHSH,63,18300,3608,2304,1,700,150,10,50,15,30,188,148,1,7,60,13,200,800,792,384,7017:5,504:800,503:1200,2331:8,2622:1,984:134,2291:3,512:0	,,
1015,ZOMBIE,ZOMBIE,15,534,50,33,1,67,12,0,3,10,1,30,23,1,1,29,1,400,2612,912,288,957:5500,724:5,938:1000,958:50,727:55,512:0,512:0,4038:1	,,
1181,ZOMBIE_DRAGON,ZOMBIE_DRAGON,1,1000,49500,1650,3,7900,1240,0,10,0,145,131,146,2,9,89,1,400,2700,1000,500,,,,,,,,	,,
1298,ZOMBIE_MASTER,ZOMBIE_MASTER,62,14211,7610,2826,1,824,260,37,1,26,5,139,82,1,1,29,1,175,2612,912,288,7071:4550,938:1500,958:1500,723:200,727:100,1260:1,2324:2,2627:2	,,
1197,ZOMBIE_PRISONER,ZOMBIE_PRISONER,53,11280,2635,1724,1,780,150,10,18,20,1,125,77,1,1,69,12,350,1768,500,192,1099:3500,7016:105,2266:1,716:600,930:3500,2408:39,985:112,1093:1	,,O    1    0C   1 8A  8